"Gen";"IQ";"IiS";"NoC";"ToH";"WorkHrs";"SatTreat"
1;6;1;1;1;0;3
2;6;2;1;1;0;2
1;5;2;0;1;0;4
1;6;1;0;1;10;3
1;5;1;1;1;0;1
1;4.49;1;1;1;0;1.75
1;6;2;1;2;31;2.33
1;6;2;1;2;42;3.24186
1;6;1;1;1;0;1
2;5;3;0;1;0;5
2;6;2;0;1;0;3.5
2;6;2;2;1;0;2.4
1;2;2;0;1;0;1.43
1;4.92;1;3;1;0;2
1;7;3;0;1;28;1.67
2;7;1;2;2;44;1
1;4;2;0;1;0;3.75
1;5;1;1;1;0;2
1;7;3;1;1;0;1
1;7;3;1;1;0;1
1;2;1;1;1;27;4.5
1;3;2;1;1;22;2
1;4;3;0;1;0;3.6
1;4;2;0;1;13;3
1;6;3;0;1;0;2
2;6;3;2;2;22;3
1;6;1;0;1;0;5
2;6;1;0;2;24;4
2;3;3;2;1;18;3.5
1;7;2;1;1;50;3.75
1;4;2;1;1;0;1
2;5;1;3;2;18;1.33
1;5;2;1;1;0;2.6
1;6;2;1;2;34;3
1;5;2;0;2;0;5
1;5;2;2;2;0;4
1;7;2;0;1;33;4
2;6;2;0;1;14;3.5
1;7;2;2;1;0;4
1;7;1;0;1;0;2
1;4;2;0;1;0;3.2
1;7;2;3;1;0;1
2;4.55;2;2;1;0;2.7963
2;6;2;3;1;0;2.7957
1;5;1;1;1;0;2.372
1;5;1;1;2;23;2.62
2;5;1;0;2;0;1.8703
2;7;1;2;2;37;2.5
2;5.32;2;0;1;2;1.5
1;6;2;1;1;0;3
1;6;1;2;2;7;3.5
1;5;3;0;2;0;2.6904
1;1;1;0;1;44;2
2;4;3;0;1;0;4
2;4;1;0;1;0;4
1;6;2;0;1;35;2.5
1;4;3;0;1;0;3.11
1;5;2;2;1;0;3.6
1;7;1;0;1;0;2.0939
1;6;2;1;1;0;3
1;5;3;1;1;0;4
1;3.68;2;0;1;0;4.67
1;4;3;0;1;35;2
1;6;2;0;1;0;1.17
2;7;2;0;1;0;2.67
1;7;1;1;2;0;2.25
2;6;2;0;2;76;5
2;5;3;1;2;0;3
2;5;3;0;2;0;3.386875
1;5;2;1;1;0;2.82
1;5;2;1;1;0;3.5
1;3;1;0;1;28;4
1;4;3;2;1;3;4
1;6;2;0;2;34;3
1;5;1;0;2;0;3
2;5;2;3;2;65;4
2;5.7;1;2;2;39;1.75
1;4;2;1;1;0;3.33
1;5;1;5;1;4;1.3
1;6;2;1;1;25;3.67
1;5;3;1;1;0;3.33
1;7;3;2;2;28;2.43
1;7;2;0;2;28;1
1;7;1;0;1;0;1
1;5;2;0;1;0;3.6
1;4;1;1;1;31;2.6
2;5.05;1;0;1;10;3
2;5;2;1;1;33;2.33
1;5;3;1;1;0;4
1;6;1;0;1;35;3
1;6;3;0;1;0;5
1;5;2;0;1;0;5
1;5;3;1;1;62;5
2;5;3;0;1;42;3.14
2;5;2;1;1;0;3.43
1;5;3;0;2;9;2
1;5;2;0;1;0;3.33
1;2;2;2;1;0;2
1;3;1;0;1;0;1
1;3;2;0;1;0;2.6
2;6;3;0;1;0;1
2;5.91;1;0;2;0;2
1;4.97;3;0;2;21;3.6246
2;7;1;3;1;10;3
1;4;2;1;1;3;2.18
1;7;1;0;2;0;1
1;6;1;2;1;32;3
2;5;3;2;2;28;3.0119
1;6;1;1;2;0;2
1;3;2;3;1;0;5
1;3;2;0;1;0;1.5
1;4;3;3;1;30;2.5
1;5;1;2;1;21;2.44
1;3;1;0;1;0;2
2;4;1;3;1;0;5
1;3;2;1;1;48;1
1;5;2;0;1;28;3.5
1;4.9775;3;0;2;45;3.67
1;4;1;0;1;0;3
1;4;2;0;1;0;4
1;3;1;0;1;0;5
1;5;2;1;1;0;2.6512
1;4;3;0;1;0;2.25
2;1;1;2;1;23;2.4
1;2.92;1;6;1;23;3
1;3;2;1;1;0;3.5
2;5;1;0;1;0;2.6
1;6;2;0;1;0;4
2;5;3;0;1;0;3.5
1;5;3;1;1;0;3.87015
2;2;2;1;1;15;3.5
2;5;1;0;1;0;2.67
1;7;3;0;1;0;2.5
1;5;1;0;1;0;2
1;3.86;3;0;1;0;4.4
1;4;1;5;1;0;1.4
1;2;1;0;1;0;4
1;5;1;1;1;0;3.33
1;4;2;0;1;20;2
1;5;2;7;1;0;3.58325
1;7;3;0;2;37;4.33
2;7;2;0;1;28;4
2;4;2;0;1;0;3.5
1;1;2;2;1;31;4
1;5;2;0;1;53;2.67
1;4;2;0;1;35;2.8154
1;6;1;0;2;0;1
1;6;3;0;2;29;1.67
1;7;1;0;2;37;1
1;7;3;1;2;0;2.0375
2;3;2;1;2;15;2
2;5.92;2;0;2;0;3.25
1;5.66;1;1;1;13;1
1;6;1;1;1;50;4
1;6;1;1;1;0;2
1;5;1;0;1;8;1
1;5;1;0;1;0;4.67
1;7;1;0;2;13;2
1;7;3;0;2;42;1.6
1;6;2;0;2;0;2.6
1;6;2;2;2;0;4
1;7;2;0;2;0;5
1;6;3;0;2;37;2.4
2;6;2;0;2;54;1
2;6;3;0;2;15;1.67
2;5;3;2;2;3;3
1;4;1;0;1;0;3.29
1;7;2;1;2;9;4
1;6;2;0;2;86;3
1;7;1;0;1;9;2.67
2;3;1;3;1;4;1
1;5;3;0;2;37;2
1;2;2;2;1;0;4
1;5;3;0;1;0;4.5
1;4;2;0;1;36;1.75
1;5;1;2;1;0;3
1;5;1;2;1;0;5
1;1;1;0;1;19;5
2;6;2;0;2;18;1
1;7;2;0;1;0;4
1;5;2;0;1;0;1.4
1;5;1;0;1;8;1
2;5;2;6;1;19;2.22
2;3;1;2;1;0;2
1;4;1;3;1;0;3.57
1;5;1;0;1;0;1.5
1;6;3;0;2;37;1
1;5;1;0;1;0;2
2;3;1;1;1;0;2
1;5;2;1;1;0;3
1;5;2;0;1;36;1
1;5;2;3;2;0;3.2
1;5;2;0;1;0;2.25
1;5;1;0;2;12;1.8
1;3;1;0;1;0;3.33
1;4;3;0;1;14;1
1;6;3;0;2;0;2.609
1;6;2;2;1;0;2.25
1;5;2;0;1;0;3
1;5;3;0;1;37;3.25
1;7;3;1;1;28;3.67
1;6;1;0;1;16;1.67
1;6;2;0;1;7;3.33
2;5;2;0;2;18;4
1;5.6;3;0;1;0;3
2;5;1;0;1;20;2
1;5;2;1;1;0;3.55
2;5;3;0;2;8;4
1;3;1;1;1;0;3
1;4;1;0;1;0;4
1;3;1;4;1;0;4
1;5;3;0;1;0;3.5
1;5;1;4;1;0;2.7686
1;5;2;0;1;0;4.25
2;6;3;0;1;0;5
1;5;3;0;1;16;5
1;6;3;0;1;0;5
2;6;1;0;1;27;2
2;7;2;2;2;14;2.29
2;5;3;1;1;34;4.33
1;6;1;0;1;0;4.14
1;5;2;0;1;0;5
1;3;1;0;1;0;4
1;5;3;0;1;0;4.5
1;5;1;0;1;0;3.2
1;6;2;0;2;18;3.67
1;6;2;0;2;32;2
1;6;1;1;1;0;2.8
2;5;2;0;2;0;3
1;5;2;1;1;0;3.2
1;5;3;2;1;0;3.67
1;6;3;0;1;16;2.94038
2;6;1;5;2;8;1.86
1;6;2;2;1;0;3.67
2;5;2;0;2;24;2.5
2;7;2;0;2;0;2.29
1;2;1;1;1;0;2
1;5;3;0;1;0;3.5
1;5;2;0;1;0;3.22
1;5;2;0;2;32;1.71
1;1;2;0;1;0;4
1;5;2;2;1;0;1.5
1;5.25;1;0;1;0;1
1;7;3;1;1;20;1
1;6;2;0;1;11;4
1;1;1;1;1;0;3.5
1;4;1;0;1;0;3
1;4;1;0;1;0;3.33
1;4;2;0;1;0;3.0249
2;2;2;1;1;0;3
1;6;1;0;2;9;2.71
1;4.375;2;0;1;43;3.6
1;3;1;1;1;13;3
1;3;2;2;1;11;2.2
1;3;2;1;1;26;4
1;1;1;2;1;22;3.25
2;4;1;2;1;0;3
2;5.57;1;0;1;0;2
1;6;2;0;1;0;2
1;6;2;0;1;41;5
1;6;2;0;1;35;2.2
1;6;3;0;1;0;1.6
1;6;3;0;1;0;2
1;6;2;0;1;0;5
1;6;1;1;1;0;3.75
2;5;3;1;1;0;4.25
2;5;1;2;1;0;2.5
1;6;2;0;1;30;2
1;7;1;3;2;20;1.62
1;6;2;0;1;17;2.5
2;6;1;3;1;0;1
2;6;3;1;2;17;3.4
1;5;3;0;1;96;3.57
1;6;1;2;1;0;1
1;4;2;2;1;24;4
1;5.04;2;0;1;41;4
2;2;1;1;1;0;5
1;5;1;0;1;20;2.71
1;6;1;0;1;0;1
1;6;3;1;1;19;4
1;3;1;2;1;34;2.38
2;4;2;2;2;14;1
2;6;1;0;2;4;2.25
1;5;1;2;1;0;2.5
1;7;2;1;1;48;1.25
1;6;1;1;1;0;3.2
2;5;3;4;1;0;1.33
2;6;2;3;2;0;3.4
1;3;1;0;1;0;3.25
1;5;2;0;1;0;2.8
1;6;2;0;1;0;4
1;6;2;0;1;0;5
2;5;1;0;1;0;1.33
1;5;2;1;1;25;2.9985
1;2;3;1;1;23;3.0918
2;6;1;3;2;0;2.5
2;6;3;0;1;0;3.5
1;5;3;0;2;28;4
1;6;1;1;2;0;1
1;7;3;0;2;37;4
1;6;3;0;2;0;4.67
1;6;3;0;2;10;4
1;6;1;0;2;49;5
1;6;3;0;2;34;3.33
1;5;3;0;2;28;4
1;5;2;0;2;30;1.44
1;6;3;0;2;37;2.3801
2;6;2;3;2;0;1.33
2;5;2;0;1;41;1.5
1;3;3;2;1;24;2
2;7;2;1;2;0;2.83
2;4;1;1;1;24;2.8
2;4;2;1;1;10;3.7
2;6;1;2;2;0;3.33
2;5.67;3;2;1;0;3.5
1;3;1;1;1;0;4
1;6;3;0;1;0;4.5
1;6;1;2;1;24;3
1;4;2;0;1;0;4.33
1;4;1;0;1;0;1
1;3;2;0;1;0;3.88
1;6;2;0;1;0;3.2
1;5;1;0;1;48;3
1;6;2;2;1;0;3
1;5;3;0;1;0;1
1;2;2;1;1;0;3.4
1;5;2;0;1;0;2
2;5.7;1;1;2;18;1
1;4.99;2;2;1;0;2.75
1;5;2;0;1;0;2
1;5;3;0;1;0;4.33
1;5;3;0;1;70;1
1;5;2;0;1;0;2
1;4;1;0;1;0;2.3081
2;6;1;1;2;0;1.89
1;4;2;2;1;0;5
1;6;2;0;1;0;1
1;6;3;0;1;0;2.25
1;3;1;0;1;0;4
1;5;2;0;1;0;3
1;4.56;2;1;1;0;5
1;5;1;0;1;0;1.33
1;5;1;0;1;0;3.5
1;3;1;1;1;0;4.17
1;2;2;0;1;0;4.75
1;3;1;1;1;0;3.6
1;2;2;1;1;0;4
1;4;2;0;1;0;4.5
1;3;1;1;1;0;2.25
1;3;1;1;1;0;1
1;5;2;2;1;0;4
1;5;2;0;1;0;3.12
1;4;2;0;1;0;3.86
1;4;1;0;1;0;2
1;6;1;1;1;0;3.8
1;3;2;1;1;0;3.75
1;6;3;0;1;0;4
1;4;1;2;1;0;3.75
1;1;1;1;1;0;4
1;5;3;0;1;0;5
1;4;1;3;1;0;2.86
1;4;2;0;1;0;4.25
1;3;1;0;1;0;3.2
1;4;2;1;1;0;3
1;1;1;4;1;0;2.8
1;5.248;1;0;1;0;3.8
1;4;1;0;1;0;3.75
1;5;1;2;1;0;3.25
1;3;2;1;1;0;5
1;5;1;2;1;0;2.25
1;6;2;0;1;0;2.33
1;5;1;1;1;0;3.5
1;5;3;0;1;0;3.33
1;6;3;0;1;0;3.5
1;5;1;1;1;0;2.5
1;5;2;0;1;0;4.5
1;4;1;0;1;0;4
1;4;3;0;1;0;3.83
1;2;1;2;1;29;2.33
1;5;2;2;1;0;3.25
1;2;1;1;1;0;2.5
1;7;1;2;1;0;2
1;5;1;0;1;0;4
1;3;2;0;1;0;4
1;3;2;1;1;0;2
1;1;2;1;1;0;4.33
1;4;2;0;1;0;4.75
1;5;2;0;1;0;3.12
1;5.388333;1;0;1;0;5
1;2;2;0;1;0;3.6
1;6;3;0;1;0;1.8
1;5;2;1;1;0;3
1;7;3;0;1;35;5
1;2.45;1;3;1;0;4
1;5;2;1;1;0;4
1;5;2;0;1;0;5
1;1;1;0;1;0;4
1;2;1;1;1;0;2.29
1;5;1;0;1;0;3.67
1;5;2;0;1;28;5
1;5;3;3;1;0;3
1;5;2;0;1;0;4
1;7;1;0;1;35;4
1;7;2;0;1;0;2.6466
1;7;3;1;1;0;4
1;7;2;3;1;0;4.67
1;7;1;1;1;0;2.67
1;7;1;0;1;0;3
1;7;2;0;1;0;1
1;7;3;0;1;0;3.6
1;7;1;1;1;0;3.6
1;7;1;0;1;0;3.67
1;6;2;0;1;48;1
1;6;1;0;1;41;1.43
1;6;3;0;1;0;3
1;6;2;0;1;0;2
1;6;2;3;1;0;1.75
1;6;1;0;1;0;1
1;6;2;0;1;0;3.25
1;6;2;0;1;0;5
1;6;2;0;1;0;2
1;6;2;1;1;0;3.5
1;6;1;0;1;0;4.5
1;6;1;0;1;0;1.2
1;6;2;0;1;0;5
1;6;3;0;1;0;2.5
1;6;3;0;1;0;4
1;6;1;0;1;0;1
1;6;2;1;1;0;5
1;6;1;1;1;0;1.83
1;6;2;0;1;0;2.8804
1;6;1;0;1;0;2
1;5;2;0;1;41;3.67
1;5;3;1;1;28;2.5
1;5;1;0;1;28;2.0048
1;5;1;0;1;0;1
1;5;2;2;1;0;4
1;5;2;1;1;0;2.83
1;5;2;0;1;0;3
1;5;1;0;1;0;3.5
1;5;1;1;1;0;1.67
1;5;2;0;1;0;5
1;5;1;0;1;0;3
1;5;2;0;1;0;4.8
1;5;1;0;1;0;4
1;5;2;0;1;0;4.67
1;5;1;1;1;0;4.4
1;5;2;1;1;0;1
1;5;1;0;1;0;1
1;5;2;1;1;0;3.67
1;5;1;0;1;0;1.75
1;5;2;3;1;0;4.17
1;5;3;1;1;0;4
1;5;1;1;1;0;3
1;5;2;0;1;0;1.8
1;5;2;1;1;0;2.86
1;5;2;1;1;0;2.67
1;5;2;3;1;0;3.75
1;5;2;2;1;0;4.8
1;5;2;0;1;0;2.5
1;5;1;5;1;0;5
1;5;3;0;1;0;4
1;5;3;0;1;0;4
1;5;2;0;1;0;2
1;5;1;0;1;0;4
1;5;2;2;1;0;3.14
1;5;1;0;1;0;2.6
1;5;1;0;1;0;3.33
1;5;1;0;1;0;3.5
1;5;1;1;1;0;3.88
1;5;2;0;1;0;4
1;5;2;0;1;0;4.29
1;5;2;1;1;38;4.33
1;4;1;4;1;7;2.57
1;4;1;0;1;0;2
1;4;2;2;1;0;3.4
1;4;1;0;1;0;1.33
1;4;1;0;1;0;3.6
1;4;2;0;1;0;3.5
1;4;1;3;1;0;2.83
1;4;3;0;1;0;3.33
1;4;3;0;1;0;3.67
1;4;1;0;1;0;2.56
1;4;1;3;1;0;3.0633
1;4;2;0;1;0;3.4
1;4;2;0;1;0;4.5
1;4;1;1;1;0;5
1;4;2;0;1;0;5
1;4;2;0;1;12;4
1;3;1;3;1;0;3
1;3;2;0;1;0;1.5
1;3;1;1;1;0;1
1;3;1;2;1;0;2.5
1;3;1;2;1;0;5
1;3;2;1;1;0;1.33
1;3;2;5;1;0;1.88
1;2;2;0;1;0;2.14
1;2;1;0;1;0;2
1;2;1;1;1;0;4
1;2;2;2;1;0;3.43
1;1;1;2;1;0;2.33
1;1;1;1;1;0;2.6719
1;1;1;4;1;0;3.33
1;1;1;2;1;0;3
1;1;1;2;1;3;3
1;5.2;3;0;1;0;5
1;7;2;1;1;0;3.2
1;7;3;0;1;0;3.5481
1;7;2;0;1;0;3.5
1;7;2;1;1;0;4.29
1;7;1;0;1;0;1
1;7;1;1;1;0;3
1;6;3;1;1;41;1
1;6;2;0;1;25;4.33
1;6;1;2;1;20;2.2
1;6;1;1;1;0;4
1;6;3;0;1;0;4.6
1;6;1;1;1;0;5
1;6;1;1;1;0;2.8
1;6;3;0;1;0;5
1;6;2;0;1;0;5
1;6;1;1;1;0;2.43
1;6;3;1;1;0;3.5
1;6;3;0;1;0;2.67
1;6;3;0;1;0;4.33
1;6;3;2;1;0;2
1;6;2;2;1;0;3.83
1;6;1;0;1;0;4.5
1;6;2;0;1;0;4.33
1;6;2;0;1;0;2.33
1;6;2;0;1;0;4
1;6;2;0;1;0;5
1;6;2;1;1;0;2.75
1;6;2;0;1;0;2.5
1;6;1;1;1;0;4.5
1;6;3;0;1;0;3.8
1;6;3;0;1;0;2.75
1;5;1;1;1;50;3.6
1;5;1;2;1;48;1.67
1;5;3;0;1;28;3.5
1;5;2;0;1;0;4
1;5;1;2;1;0;4.67
1;5;2;0;1;0;4.83
1;5;1;0;1;0;4.33
1;5;2;0;1;0;3.5
1;5;2;0;1;0;4.33
1;5;1;1;1;0;2.764
1;5;2;2;1;0;2
1;5;3;0;1;0;5
1;5;1;0;1;0;2.33
1;5;2;0;1;0;5
1;5;2;3;1;0;2.75
1;5;1;0;1;0;1
1;5;3;0;1;0;3.5
1;5;2;0;1;0;4
1;5;1;1;1;0;2
1;5;3;1;1;0;5
1;5;3;0;1;0;4
1;5;3;1;1;0;3.5
1;5;3;1;1;0;4
1;5;2;0;1;0;4.5
1;5;3;0;1;0;2.5
1;5;2;1;1;0;2.25
1;5;2;0;1;0;1.5
1;5;2;0;1;0;5
1;5;2;0;1;0;5
1;5;1;1;1;0;4
1;5;2;0;1;0;4.33
1;5;2;0;1;0;5
1;5;2;0;1;0;3.8
1;5;1;2;1;0;3.1531
1;5;1;1;1;0;2
1;5;1;0;1;0;5
1;5;2;0;1;0;5
1;5;2;0;1;0;4
1;5;2;2;1;0;1
1;5;3;1;1;0;3
1;5;3;0;1;0;5
1;5;2;0;1;0;5
1;5;2;0;1;0;1.33
1;5;2;1;1;0;4
1;5;2;0;1;0;3.2
1;5;2;0;1;0;3.67
1;5;2;0;1;0;4.5
1;5;2;0;1;0;4
1;5;3;0;1;0;5
1;5;2;0;1;0;4.1299
1;5;1;1;1;0;4
1;5;1;0;1;0;3
1;5;3;0;1;0;4
1;5;1;0;1;0;4.5
1;5;3;2;1;0;5
1;5;2;0;1;0;4.5
1;5;1;2;1;0;1.4
1;5;2;0;1;0;5
1;5;2;0;1;0;4.4
1;5;1;1;1;0;3.25
1;5;2;0;1;0;4.5
1;5;1;1;2;0;3.71
1;5;2;0;1;0;5
1;5;1;0;1;11;1
1;5;3;0;1;16;2.67
1;5;3;1;1;92;4.2
1;5;1;0;1;42;1
1;4;3;0;1;28;4.17
1;4;2;0;1;28;2.25
1;4;1;3;1;0;1
1;4;1;1;1;0;3.33
1;4;1;1;1;0;2.25
1;4;2;0;1;0;4
1;4;2;1;1;0;3
1;4;1;0;1;0;2.67
1;4;1;1;1;0;2.17
1;4;3;0;1;0;5
1;4;2;0;1;0;3.5
1;4;3;0;1;0;4.5
1;4;2;0;1;0;3
1;4;1;0;1;0;2
1;4;2;0;1;0;5
1;4;2;0;1;0;4.25
1;4;2;0;1;0;5
1;4;2;0;1;0;3.2
1;4;2;0;1;0;5
1;4;3;0;1;0;5
1;4;2;0;1;0;4.83
1;4;2;0;1;0;3.5
1;4;1;0;1;0;3
1;4;1;0;1;0;3.0434
1;4;2;0;1;0;4.33
1;4;1;0;1;0;1.62
1;3;1;0;1;23;1.5
1;3;1;1;1;0;2.25
1;3;1;1;1;0;3
1;3;1;8;1;0;3.29
1;3;1;2;1;0;4
1;3;2;0;1;0;3.8
1;3;2;1;1;0;5
1;3;1;0;1;0;3.17
1;3;2;0;1;0;3.75
1;3;1;1;1;0;1
1;2;2;0;1;22;3
1;2;2;1;1;25;3.75
1;2;1;1;1;6;3.125
1;2;1;0;1;20;4
1;2;1;1;1;0;2
1;2;1;0;1;0;1
1;2;1;0;1;0;1.2
1;2;2;0;1;0;5
1;2;2;1;1;0;2
1;2;1;0;1;0;5
1;2;1;1;1;0;3.33
1;2;1;1;1;0;4
1;2;2;0;1;0;4
1;2;2;3;1;0;1
1;2;1;2;1;50;1.67
1;1;1;2;1;22;1.8
1;1;1;1;1;22;3.75
1;1;1;3;1;25;2
1;1;1;1;1;0;1.67
1;1;1;3;1;0;1
1;1;1;2;1;28;1
1;5.33;3;0;1;50;4
1;5.41;2;1;1;53;4
1;3.89;1;0;1;0;2.17
1;3.94;1;0;1;0;5
1;4.98;2;0;1;0;4
1;5.13;2;0;1;0;4
1;5.04;1;0;1;0;4
1;5.29;2;0;1;0;2.4
1;5.48;2;1;1;0;4.14
1;5.34;2;0;1;0;4.25
1;3.74;1;0;1;0;4.33
1;5.39;3;0;1;0;5
1;5.03;2;1;1;0;1
1;5.1675;3;1;1;0;5
1;5;1;0;1;0;4.2
1;3.89;1;0;1;0;3.33
1;4.38;2;0;1;0;3.83
1;5;1;2;1;0;3.09205
1;1;1;4;1;0;2.67
2;5;1;2;1;24;3.5
2;2;1;3;1;0;4.75
2;6;2;2;1;0;3
2;5;1;0;1;12;1.83
2;5;2;0;1;0;4
2;3;3;1;1;0;3.8
2;4;2;0;1;0;4.75
2;2;1;2;1;0;3.5
2;1;2;3;1;0;4.5
2;5;2;2;1;0;4
2;3;2;2;1;0;3
2;7;2;2;1;50;2.67
2;6;2;0;1;44;1
2;6;1;0;1;0;2.2
2;6;3;0;1;0;1
2;6;1;6;1;0;4
2;5;2;0;1;0;3
2;5;2;1;1;0;1.75
2;5;1;0;1;0;4
2;5;1;0;1;13;2.5
2;4;1;0;1;0;3.67
2;4;1;0;1;0;2
2;4;2;0;1;0;4
2;4;1;6;1;0;4.33
2;2;2;4;1;9;2.43
2;2;2;3;1;0;4
2;2;2;1;1;0;1.67
2;1;1;2;1;22;4
2;1;3;4;1;19;3
2;5.36;2;1;1;36;3.43
2;4.79;2;1;1;0;4
2;7;3;0;1;0;1.67
2;7;2;0;1;0;4.5
2;6;2;0;1;0;4
2;6;3;0;1;0;5
2;6;1;0;1;0;2.5
2;5;3;0;1;20;5
2;5;3;0;1;0;3.25
2;5;3;0;1;0;3
2;5;1;1;1;0;2
2;5;1;0;1;0;4.5
2;5;1;1;1;0;1
2;5;1;0;1;0;5
2;5;2;2;1;0;4.5
2;5;3;0;1;0;3.5
2;5;2;0;1;0;4
2;5;2;2;1;0;2.83
2;5;2;0;1;0;2.75
2;4;2;1;1;0;2
2;3;3;1;1;0;4
2;3;2;1;1;0;3.25
2;2;1;1;1;0;2.11
2;2;1;3;1;0;1.6
2;2;1;4;1;0;3.25
2;2;1;2;1;0;3.71
2;2;2;1;1;26;3
2;1;2;0;1;25;3.0195
2;1;1;0;1;0;1.5
2;3.26;1;0;1;0;1
2;5.45;2;0;1;0;1.67
2;5.32;3;0;1;0;2
2;4.53;1;0;1;0;1
1;5.8;2;0;2;32;5
1;5.56;2;0;2;29;2.459667
1;3;1;1;1;8;2.67
1;4;1;0;1;22;2.17
1;4;2;0;2;37;4.2
1;5;1;0;1;7;5
1;3;1;0;1;8;2.14
1;6;2;0;2;0;4
1;5.66;3;1;2;28;3.4
1;6;3;0;2;60;4
1;3;2;1;1;28;1
1;5;2;4;1;4;3.75
1;6;1;0;1;0;3
1;6;2;2;1;12;5
1;4;2;0;1;22;4
1;7;2;0;2;0;2.14
1;3;1;1;1;10;4
1;3;1;2;1;52;2.57
1;4;3;0;1;36;4
1;1;1;2;1;20;4
1;4;2;0;2;19;4
1;5;2;0;2;26;5
1;5;3;0;1;0;3.75
1;6;2;0;1;48;4
1;7;2;1;2;19;2.78
1;6;1;0;2;0;1
1;3;1;4;1;23;3.75
1;5;2;0;2;0;3.545
1;7;1;1;2;19;4
1;1;3;0;1;33;4
1;1;2;0;1;16;1
1;3;1;2;1;0;1.4
1;3.9;2;0;1;0;1
1;7;1;1;1;0;3
1;7;2;0;1;47;2.38
1;7;1;0;1;18;1
1;7;1;3;2;28;2.5
1;7;2;0;2;14;4
1;7;2;1;2;44;2.8091
1;7;1;0;2;45;1
1;7;3;0;2;21;4
1;7;2;0;2;37;2.4
1;6;2;1;2;28;1.4
1;6;1;2;2;5;1
1;6;2;0;1;6;4
1;6;1;0;2;0;3
1;6;1;0;2;0;2.5
1;6;1;6;2;0;1
1;6;2;0;2;28;2.22
1;6;2;0;2;34;5
1;6;1;0;2;28;3.33
1;6;3;0;2;66;4.5
1;6;2;0;2;32;2.5
1;6;3;0;2;31;4
1;5;1;0;1;7;1
1;5;2;0;1;11;2.8
1;5;2;0;1;34;4
1;5;1;0;2;0;2.86
1;5;1;0;1;4;2
1;5;1;0;1;12;4.57
1;5;1;4;2;26;1.6
1;5;1;0;1;56;1.67
1;5;2;0;2;28;2.67
1;5;3;0;2;14;3
1;5;2;2;1;50;4
1;5;1;0;1;6;4
1;5;2;0;1;10;3.75
1;5;2;1;2;37;1.89
1;5;3;0;2;3;3.5034
1;5;1;0;2;4;3.5
1;5;1;0;1;13;2
1;4;1;0;1;41;3.8
1;4;2;0;1;67;1.8
1;4;2;6;1;16;2.73
1;4;1;0;2;37;1
1;4;1;0;1;12;3.25
1;3;1;3;1;13;1
1;3;1;2;1;27;2.25
1;3;1;4;1;16;3.4
1;3;1;2;1;0;1
1;2;3;1;1;20;4.5
1;2;1;0;1;8;1
1;2;3;1;1;4;4
1;1;2;1;1;22;2.5
1;1;2;1;1;22;3
1;1;1;3;1;23;2.17
1;1;3;1;1;20;3.6
1;5.56;1;0;1;17;2.1254
1;5.77;2;0;1;0;5
1;3.69;1;2;1;4;1.5
1;4.29;2;0;1;15;3.4
1;7;3;0;1;25;3.5869
1;7;1;0;1;27;2.2
1;7;2;0;1;0;2.33
1;7;1;0;1;37;2.83
1;7;2;0;2;17;3.14668
1;6;2;0;1;41;4.67
1;6;2;0;1;28;2.67
1;6;1;0;1;4;1
1;6;1;0;1;8;4
1;6;2;0;2;0;1.8
1;6;1;0;2;0;1.33
1;6;2;0;1;0;3.67
1;6;3;0;2;10;4.25
1;6;2;0;1;0;3.5
1;6;3;0;2;0;3.67
1;6;3;1;1;37;2.7324
1;6;3;0;2;37;1.71
1;6;2;1;2;10;3
1;6;3;0;2;21;2
1;6;2;0;2;19;3.4
1;6;3;0;2;32;4
1;6;3;0;1;28;3.6
1;6;3;1;1;78;3.7207
1;5;1;1;1;25;3.5
1;5;3;0;1;22;4.33
1;5;2;0;1;26;1
1;5;1;0;1;14;2.14
1;5;2;0;1;4;3.6
1;5;2;0;1;28;1
1;5;1;2;1;28;5
1;5;1;0;1;0;1
1;5;1;0;2;0;2.14
1;5;1;0;1;0;1.9244
1;5;3;0;1;76;1
1;5;2;0;1;16;1.17
1;5;2;0;2;8;3
1;5;3;1;2;28;4
1;5;3;0;1;28;3.4
1;5;3;0;2;4;3.9475
1;5;2;0;1;30;3.89
1;5;3;0;1;91;2.8205
1;5;3;0;2;37;3.7163
1;5;3;0;2;29;3
1;5;1;0;2;32;4
1;5;2;0;1;16;3.75
1;4;1;0;1;36;1.12
1;4;1;0;1;11;2.17
1;4;1;2;1;4;4.8
1;4;1;0;1;0;1.5
1;4;3;0;1;16;4.33
1;4;2;2;1;6;3.14
1;4;1;0;2;0;3
1;4;2;0;1;18;2.6
1;4;3;1;2;34;1
1;4;3;0;1;35;3.33
1;3;2;1;1;25;3.2
1;3;2;1;1;28;5
1;3;2;2;1;27;3.1304
1;3;2;2;1;26;4
1;3;1;2;1;50;3.4
1;3;1;0;1;24;2.2
1;3;1;0;1;48;5
1;3;2;2;1;19;1
1;2;2;0;1;20;4
1;2;2;3;1;0;4
1;2;2;0;1;27;4
1;2;1;2;1;26;2.6392
1;2;2;0;1;22;3.36
1;2;3;0;1;19;3
1;2;2;1;1;24;4
1;1;2;0;1;23;4
1;1;2;1;1;20;3.67
1;1;2;0;1;13;2
1;1;2;1;1;0;2.17
1;1;1;3;1;0;1.5
1;5.44;3;0;2;48;4
1;3.8;1;0;1;14;3.5
1;4.95;3;0;2;21;4.67
1;5.49;3;0;1;37;1.75
1;5.33;3;1;1;37;3.5
1;6;3;0;2;30;2.5
2;4;2;0;2;19;2.14
2;6;2;0;2;0;3.5
2;5;2;0;1;8;5
2;6;1;0;1;0;3
2;5;1;1;2;0;1
2;6;3;0;2;32;3
2;5;1;2;2;0;2.727
2;6;2;0;2;41;3.2166
2;2;2;4;1;24;3.67
2;6;2;1;1;47;2.75
2;4;3;0;1;21;1.71
2;5.51;1;0;2;18;5
2;5;2;2;2;14;4
2;5.75;2;2;2;0;5
2;5.14;2;1;2;53;3.0697
2;7;3;0;2;4;3
2;5;2;0;2;0;3
2;3;3;1;1;26;3.3891
2;5;1;1;1;4;4.6
2;7;1;2;2;15;1
2;7;3;2;2;32;4.5
2;7;2;1;2;2;4.75
2;6;1;1;1;3;2.75
2;6;1;3;2;0;2
2;6;1;0;2;34;3.8
2;6;2;0;1;0;3.0054
2;6;1;0;1;0;5
2;6;1;1;2;0;3.29
2;6;3;2;2;0;1
2;6;2;1;2;36;1
2;5;3;1;2;0;2.6
2;5;2;2;1;0;3
2;5;1;1;2;24;1.5
2;5;3;2;1;61;3.33
2;5;2;0;2;19;5
2;5;3;1;2;34;2.86
2;5;2;4;1;30;4.62
2;5;2;0;2;15;4
2;5;3;0;1;75;2.6043
2;5;2;1;2;15;2.67
2;4;1;1;1;0;2.2
2;4;3;2;1;38;3.5
2;4;3;0;2;12;4
2;4;3;1;2;0;3.67
2;4;1;1;2;0;2.6
2;4;3;1;2;0;4
2;4;2;0;2;4;3.5
2;3;1;0;1;27;3.5
2;3;3;1;1;0;4
2;3;2;2;2;0;1
2;3;1;0;1;61;4
2;3;1;2;1;20;1.4
2;3;2;1;1;13;3.2
2;1;1;1;1;22;4
2;5.37;1;1;1;0;1
2;5.68;1;0;2;0;1
2;5.78;1;1;2;18;3.2
2;5.06;3;0;1;59;5
2;7;2;0;2;28;4.33
2;6;2;0;1;9;3.6
2;6;3;0;2;28;4
2;6;3;0;2;10;3.67
2;5;2;1;1;18;4
2;5;2;1;1;0;1.86
2;5;1;1;1;52;1.14
2;5;3;0;2;10;4
2;4;2;3;1;20;1.57
2;4;2;1;1;9;3.25
2;4;2;0;2;8;2.8237
2;4;3;0;2;26;2.8444
2;3;2;2;1;38;4
2;3;2;2;1;13;5
2;3;3;1;1;18;2
2;2;2;0;2;20;4
2;1;2;5;1;5;2.3948
2;1;1;1;1;17;2.33
2;1;1;2;1;13;1
1;7;1;0;1;20;5
1;5;3;0;1;0;3.5
1;6;3;0;1;0;5
1;6;3;0;1;0;5
1;5;1;0;1;0;2.4
1;7;2;0;1;0;3
1;5.51;1;0;1;28;2.5
1;6;3;0;1;0;1
1;6;3;1;1;0;4
1;6;2;1;1;0;3.6
1;6;3;0;1;0;5
1;5;3;0;1;0;1.8
1;7;2;0;1;0;2.14
1;6;1;2;1;19;1.33
1;5;3;1;1;0;4
1;5;3;0;1;0;3.5
1;5;2;0;1;0;4
1;5;2;0;1;0;3.38
1;6;2;1;1;0;4
1;6;3;0;1;0;5
1;6;2;2;1;41;1.86
1;6;3;0;1;0;3
1;6;2;0;1;0;1.5
1;5;1;0;1;0;2.33
1;7;2;0;1;0;3.62
1;6;3;1;1;0;3.8
1;7;3;1;1;69;2.71
1;6;2;0;1;0;2.67
1;7;3;0;1;0;3.8
1;7;2;0;1;0;2.67
1;5;2;0;1;0;1.71
1;6;3;0;1;0;1
1;5;3;0;1;0;4.25
1;6;2;2;1;0;1.57
1;5.2475;1;0;1;0;2.5
1;6;2;0;1;0;3.33
1;7;2;1;1;0;4.17
1;7;3;0;1;0;3.5
1;5;3;0;1;0;5
1;6;2;0;1;0;1.25
1;6;1;0;1;0;1.33
1;6;2;0;1;0;4
1;6;1;0;1;0;3
1;7;3;0;1;0;1
1;6;1;0;1;0;1.2
1;6;3;0;1;0;3.33
1;7;2;0;1;0;2.33
1;6;3;0;1;43;1.5
1;6;3;0;1;31;3.2
1;5;1;1;1;6;1.71
1;5;3;0;1;20;4
1;6;2;1;1;0;1.75
1;5;1;0;1;0;2.33
1;6;3;0;1;0;4
1;5;2;2;1;0;3.33
1;7;3;0;1;0;3
1;6;1;3;1;28;2.11
1;5.47;3;0;1;0;2
1;7;1;0;1;28;1.5
1;7;2;0;1;48;3.6235
1;7;3;2;1;41;2.75
1;7;3;0;1;28;4
1;7;2;0;1;25;3.83
1;7;3;0;1;0;3.25715
1;7;3;0;1;0;1.4
1;7;3;1;1;0;2
1;7;2;0;1;0;1.78
1;7;2;0;1;0;4
1;7;3;0;1;0;4
1;7;2;0;1;0;4
1;7;3;1;1;0;3
1;7;2;0;1;0;1.75
1;7;2;1;1;0;3.5
1;7;2;0;1;0;4
1;7;3;0;1;0;3
1;7;2;0;1;0;1.5
1;7;1;0;1;60;2.4295
1;7;3;0;1;2;3
1;7;3;0;1;37;1.5
1;6;2;0;1;36;3
1;6;2;1;1;54;3.33
1;6;2;0;1;49;2.29
1;6;2;1;1;28;1
1;6;2;1;1;20;4.2
1;6;2;0;1;17;1
1;6;2;0;1;28;2
1;6;1;0;1;0;1
1;6;3;0;1;0;4.5
1;6;2;1;1;0;3
1;6;2;0;1;0;1.2
1;6;2;0;1;0;1.12
1;6;2;0;1;0;1
1;6;2;1;1;0;2
1;6;1;0;1;0;3.43
1;6;2;0;1;0;1.67
1;6;3;0;1;0;4
1;6;3;0;1;0;4
1;6;3;0;1;0;2.57
1;6;3;0;1;0;3.4
1;6;2;1;1;0;2.33
1;6;1;1;1;0;3.67
1;6;1;0;1;0;2.5
1;6;3;0;1;0;2.4
1;6;3;0;1;0;3.67
1;6;2;1;1;0;2.6
1;6;2;1;1;0;2.5
1;6;2;0;1;0;3.83
1;6;1;1;1;0;4.5
1;6;2;0;1;0;3.17
1;6;3;0;1;0;3.33
1;6;3;0;1;0;2.8152
1;6;1;1;1;0;3
1;6;2;2;1;0;4.4
1;6;1;1;1;0;3.33
1;6;3;1;1;0;4.25
1;6;2;0;1;0;1.6
1;6;2;0;1;0;4
1;6;1;0;1;0;3
1;6;2;0;1;0;1
1;6;2;0;1;0;1.75
1;6;2;1;1;0;2.5
1;6;3;0;1;0;3.8
1;6;1;0;1;0;3.5597
1;6;2;1;1;0;1
1;6;2;1;1;0;3.67
1;6;3;2;1;0;2.5
1;6;2;2;1;0;3.83
1;6;2;2;1;0;2
1;6;2;2;1;25;1.3
1;6;3;0;1;78;5
1;5;2;0;1;0;3.75
1;5;2;0;1;28;3
1;5;1;0;1;25;4
1;5;2;0;1;14;4.88
1;5;2;1;1;0;4
1;5;1;0;1;0;2
1;5;3;2;1;0;3.75
1;5;2;0;1;0;4
1;5;2;3;1;0;3.8
1;5;2;1;1;0;4.5
1;5;3;0;1;0;2
1;5;1;1;1;0;3.5
1;5;2;0;1;0;3.33
1;5;2;0;1;0;3
1;5;2;0;1;0;4
1;5;3;0;1;0;2
1;5;2;0;1;0;3.2
1;5;2;1;1;0;3
1;5;3;0;1;0;3
1;5;2;0;1;0;4
1;5;2;1;1;0;3
1;5;2;0;1;0;1.86
1;5;1;0;1;0;2
1;5;1;2;1;0;4
1;5;2;1;1;0;3.2
1;5;2;1;1;0;2.44
1;5;1;1;1;0;4
1;5;2;0;1;88;4.33
1;5;3;0;1;25;4
1;4;1;1;1;0;3
1;5.74;3;0;1;14;1
1;5.17;1;0;1;0;1.2
1;4.69;1;0;1;0;4
1;5.135;2;0;1;0;4
1;7;3;0;2;48;4
1;7;3;1;1;41;3.86
1;7;2;0;1;36;4.25
1;7;2;0;1;35;3
1;7;1;0;1;29;1
1;7;3;1;1;9;3.75
1;7;2;0;1;5;3.6
1;7;2;0;1;0;3.67
1;7;3;3;1;0;2.5
1;7;3;0;1;0;5
1;7;2;0;1;0;3.5
1;7;3;0;1;0;2.4
1;7;3;0;1;0;5
1;7;2;0;1;0;3
1;7;2;0;1;0;4.6
1;7;2;0;1;0;4.17
1;7;3;0;1;0;5
1;7;3;0;1;0;5
1;7;1;0;1;0;4
1;7;1;2;1;0;2.75
1;7;2;0;1;0;3
1;7;3;0;1;0;4
1;7;3;0;1;0;1
1;7;2;2;1;0;5
1;7;2;1;1;0;4
1;7;2;1;1;0;3.2
1;7;3;0;1;0;4.5
1;7;3;0;1;0;4
1;7;2;1;1;0;5
1;6;3;0;1;20;3.17
1;6;2;0;1;41;5
1;6;2;0;1;41;4
1;6;2;0;1;41;2.33
1;6;3;2;1;41;4.6
1;6;3;2;1;41;2.14
1;6;2;0;1;38;1.25
1;6;3;0;1;35;3
1;6;3;0;1;28;4
1;6;2;1;1;25;2.17
1;6;2;0;1;21;2
1;6;2;0;1;0;1.5
1;6;3;0;1;0;1
1;6;3;1;1;0;2
1;6;3;0;1;0;5
1;6;2;1;1;0;3
1;6;1;0;1;0;2.67
1;6;3;0;1;0;2.87022
1;6;3;0;1;0;4.5
1;6;3;0;1;0;3
1;6;2;0;1;0;3.67
1;6;3;1;1;0;3.2
1;6;3;0;1;0;4
1;6;3;0;1;0;2.33
1;6;3;0;1;0;2
1;6;1;0;1;0;1
1;6;1;0;1;0;2
1;6;2;1;1;0;5
1;6;2;0;1;0;4.25
1;6;3;1;1;0;2.499
1;6;2;1;1;0;3.5
1;6;2;1;1;0;3.5
1;6;2;0;1;0;3
1;6;2;0;1;0;2
1;6;2;0;1;0;4
1;6;3;0;1;0;2.75
1;6;3;1;1;0;3
1;6;2;0;1;0;2
1;6;3;0;1;0;4
1;6;3;0;1;0;4
1;6;3;0;1;0;5
1;6;2;2;1;0;2.11
1;6;2;1;1;0;5
1;6;3;1;1;0;3.6378
1;6;3;1;1;0;5
1;6;3;0;1;0;1.67
1;6;3;0;1;0;4.33
1;6;3;0;1;0;4
1;6;3;0;1;0;1.75
1;6;2;0;1;0;4.33
1;6;2;1;1;0;4.33
1;6;2;0;1;0;4
1;6;2;0;1;0;2
1;6;2;0;1;0;5
1;6;2;0;1;0;4.5
1;6;2;0;1;0;2.86
1;6;2;0;1;0;4
1;6;2;2;1;0;3
1;6;1;0;1;0;4
1;6;2;0;1;0;2
1;6;3;1;1;0;5
1;6;3;0;1;0;4
1;6;3;0;1;0;3
1;6;3;0;1;0;4
1;6;3;0;1;0;2.87555
1;6;2;0;1;0;2
1;6;2;0;1;0;4.2
1;6;1;1;1;0;3.6
1;6;2;0;1;0;4.33
1;6;2;0;1;0;3.5
1;6;2;2;1;0;1.33
1;6;3;0;1;0;3
1;6;2;0;1;0;3.33
1;6;3;1;1;0;1
1;6;1;0;1;0;3.17
1;6;3;0;1;0;3
1;6;2;0;1;0;4
1;6;3;2;1;0;3.25
1;6;3;1;1;0;3.5
1;6;3;0;1;51;3.5
1;6;2;1;1;31;4.5
1;6;3;2;1;66;2.11
1;5;3;0;2;41;4
1;5;3;1;1;30;3.7038
1;5;3;1;1;0;3
1;5;3;0;1;0;4.6
1;5;3;0;1;0;4
1;5;3;2;1;0;1.75
1;5;3;0;1;0;4.33
1;5;2;2;1;0;3.75
1;5;1;0;1;0;1
1;5;1;0;1;0;1
1;5;3;1;1;0;2.33
1;5;3;1;1;0;3.5
1;5;1;0;1;0;1.67
1;5;3;0;1;0;4
1;5;3;0;1;0;5
1;5;2;0;1;0;2
1;5;3;0;1;0;5
1;5;2;0;1;0;3
1;5;2;0;1;0;3
1;5;1;0;1;0;4
1;5;2;2;1;0;1
1;5;2;0;1;0;3.8
1;5;3;0;1;0;4.75
1;5;2;0;1;0;4.4
1;5;3;0;1;0;4.5
1;5;2;0;1;0;4
1;5;1;0;1;0;3.25
1;5;2;0;1;0;3.25
1;5;1;1;1;0;3.8
1;5;2;0;1;0;3.5
1;5;3;0;1;0;4.67
1;5;3;0;1;0;1
1;5;3;0;1;0;1.67
1;5;2;1;1;0;4
1;5;3;0;1;0;5
1;5;2;0;1;0;3.5
1;5;2;4;1;0;3.6
1;5;2;0;1;28;3.33
1;5;3;0;1;7;4.33
1;5.44;3;0;1;50;4
1;5.3;2;0;1;41;3.5
1;5.115;2;0;1;0;3
1;5.1;3;0;1;0;3
1;5.41;2;0;1;0;1.75
1;5.5925;2;0;1;0;2.6
1;7;2;1;1;0;4
2;5;1;0;1;0;2.2
2;5;2;0;1;47;3.8
2;5;2;0;1;0;2
2;7;2;0;1;0;4
2;6;3;1;1;0;2
2;5;1;2;1;0;3.2
2;6;2;0;1;0;2.6
2;5;2;1;1;28;3.57
2;5;1;0;1;0;3.5
2;7;2;0;1;0;2.33
2;7;2;2;1;20;3.3
2;7;2;1;1;0;5
2;5;2;0;1;0;4
2;6;3;1;1;31;4.86
2;5;2;0;1;0;3
2;7;1;0;1;0;1
2;7;2;0;1;0;3.12
2;7;2;0;1;0;5
2;7;2;0;1;0;4
2;7;2;1;1;0;3.8
2;7;1;0;1;64;2.86
2;6;1;1;1;5;4
2;6;2;0;1;0;1.67
2;6;1;1;1;0;2.75
2;6;2;0;1;0;4.29
2;6;3;0;1;0;1.5
2;6;2;1;1;0;5
2;6;2;4;1;0;2
2;6;2;0;1;0;2.83
2;6;2;0;1;0;2.5
2;6;3;0;1;57;4.25
2;5;2;0;1;0;4.14
2;5;2;0;1;0;2
2;5;2;0;1;0;3.33
2;5;2;0;1;47;2.75
2;5;3;1;1;24;3
2;5.13;2;1;1;25;2.596
2;5.51;3;0;1;0;1
2;7;3;1;1;0;4.75
2;7;2;0;1;0;4.29
2;7;3;1;1;0;4.25
2;7;3;0;1;0;2.43
2;7;2;0;1;0;3.25
2;7;2;0;1;0;4.33
2;7;2;0;1;0;3.2
2;6;3;1;1;0;5
2;6;2;1;1;0;3.33
2;6;2;0;1;0;3.5
2;6;2;0;1;0;1.33
2;6;2;0;1;0;4.17
2;6;3;0;1;0;3.2
2;6;2;0;1;0;4.6
2;6;2;0;1;0;3
2;6;3;0;1;0;4.67
2;6;2;0;1;0;1
2;6;1;1;1;0;3.67
2;6;2;1;1;25;4
2;5;2;2;1;33;1.4
2;5;1;2;1;28;2.5
2;5;3;1;1;0;3.67
2;5;3;0;1;0;1
2;5;2;2;1;0;2
2;5;3;0;1;0;3
2;5;2;1;1;0;5
2;3;1;0;1;33;1.33
2;3;1;4;1;0;1
2;5.39;2;0;1;0;4.25
1;6;3;0;2;0;3.176817
1;6;3;0;2;28;2.67
1;5;2;0;2;0;3.9422
1;5.57;3;0;2;37;5
1;5;2;2;2;16;2.4
1;6;3;0;1;11;1.5
1;6;3;0;1;54;2.75
1;6;2;1;2;0;4
1;7;3;0;2;22;4
1;6;3;0;1;50;1.4
1;6;2;0;2;40;4
1;7;1;0;2;0;2
1;7;1;5;2;0;2.75
1;6;1;1;1;6;3.29
1;5;3;0;2;40;3
1;7;3;0;2;32;2.2674
1;7;1;0;2;42;1
1;7;3;0;2;18;2
1;5.86;2;0;1;29;2.6425
1;7;1;0;1;0;2.14
1;6;3;0;2;16;3.33
1;5;3;0;1;41;2
1;6;1;0;2;0;1.67
1;6;2;0;1;48;2.88
1;5;1;1;1;0;3.67
1;5;1;0;2;19;2.8522
1;6;3;1;2;39;1
1;6;2;0;2;34;4
1;6;2;0;1;30;5
1;5;3;0;1;28;3.5
1;7;3;0;2;37;2
1;6;2;3;1;20;3.75
1;6;1;0;2;0;2.4414
1;6;3;0;2;37;2
1;5;2;0;2;0;3
1;6;2;1;2;0;1
1;6;3;0;2;30;3
1;6;3;0;1;0;3.2
1;6;3;0;2;32;4
1;6;3;0;1;104;4
1;6;2;0;1;0;2.8
1;6;3;3;2;28;2.56
1;7;3;0;1;43;1.8
1;6;2;0;1;14;2.5
1;7;1;0;1;20;4
1;7;1;1;1;40;1.45
1;7;1;0;2;54;1.45
1;6;1;0;1;38;3.33
1;5.52;3;0;2;32;2.83
1;6;1;0;2;30;2.4668
1;6;3;0;1;24;4.5
1;7;2;4;1;0;1
1;6;1;0;1;0;1
1;6;3;0;1;28;1.33
1;7;1;0;1;0;1
1;6;3;0;2;42;2.7005
1;5;1;2;1;5;1.75
1;5;1;3;2;24;2.3576
1;5;3;0;1;41;1
1;6;2;4;1;0;1
1;5;3;0;2;18;3
1;6;2;0;2;28;3.5
1;6;3;0;2;48;1
1;6;2;0;1;20;1.71
1;6;1;0;2;0;1.7738
1;6;2;1;2;12;3.75
1;6.13;2;0;2;0;2.7975
1;7;2;0;2;14;3.8
1;7;1;0;1;0;3
1;7;2;0;2;3;4.5
1;6;2;2;2;28;2.630867
1;7;3;0;2;0;2.6
1;4.99;1;0;2;0;3.1824
1;6;3;0;2;20;5
1;6;3;0;1;3;2.29
1;7;3;0;2;76;4
1;6;1;1;2;24;1.86
1;7;3;0;2;0;3.3541
1;5.74;2;0;1;80;2.742643
1;6;1;0;2;0;2.25
1;7;3;0;1;45;3
1;5;3;1;2;33;3.25
1;6;3;2;2;18;3.5008
1;4.95;2;0;1;5;2.2
1;6;1;0;2;0;4.5
1;7;1;0;2;0;1.83
1;6;1;0;2;37;3.33
1;6;3;0;2;9;4
1;7;1;0;1;5;1
1;7;3;0;2;0;1
1;6;2;0;2;0;3.134
1;7;3;1;1;0;4
1;6;2;0;2;37;2.9
1;6;2;3;2;0;3.8
1;6;3;0;2;35;4.2
1;7;3;0;2;42;4.67
1;6;3;0;1;37;2.71
1;6;3;0;2;26;4
1;6;1;1;1;0;2.67
1;5;2;2;1;0;4.43
1;6;2;0;2;0;4.33
1;5.68;3;0;1;35;1.33
1;7;2;0;2;20;3.88
1;7;2;0;1;15;1.86
1;7;2;1;2;41;3.5
1;7;2;2;2;8;4.67
1;7;2;0;1;48;2
1;7;2;1;1;14;4.4
1;7;1;2;2;91;3
1;7;3;0;2;0;4.33
1;7;2;0;2;0;4
1;7;1;0;2;0;2.6918
1;7;2;0;1;0;3
1;7;1;0;2;0;1.5
1;7;2;0;1;0;2
1;7;2;1;1;0;4.22
1;7;1;1;2;0;2.83
1;7;2;0;2;0;3
1;7;1;2;1;0;4.25
1;7;1;0;2;0;2.8058
1;7;1;2;2;0;1.2
1;7;1;2;2;0;1
1;7;2;0;2;0;3.67
1;7;3;2;2;0;3.5
1;7;1;1;2;0;2.4394
1;7;1;0;2;0;2.1753
1;7;1;2;2;0;3.71
1;7;2;2;2;0;4
1;7;2;0;1;2;1.71
1;7;1;0;2;18;3.67
1;7;3;0;2;28;5
1;7;1;0;1;12;3
1;7;3;0;1;20;5
1;7;3;1;2;26;2.67
1;7;1;0;2;6;2.9625
1;7;2;1;2;22;2.5
1;7;2;0;2;37;2.67
1;7;3;1;2;18;2.5214
1;7;3;0;2;18;5
1;7;3;0;2;26;4.2
1;7;2;0;2;51;1
1;7;3;0;2;40;2.75
1;7;3;3;2;37;4
1;7;3;0;2;32;1
1;7;3;0;2;32;2.67
1;7;3;0;2;39;1.5
1;7;1;1;2;12;1.33
1;7;2;0;2;28;3.38
1;7;3;0;2;37;3
1;7;2;0;1;50;1.38
1;7;3;0;2;28;5
1;7;1;0;2;37;1
1;7;3;0;1;59;1.67
1;7;3;0;2;37;5
1;7;3;0;2;45;4
1;7;3;0;2;32;2.8183
1;7;2;0;2;32;1
1;7;3;1;2;12;4
1;7;3;0;2;37;1
1;6;2;0;2;44;2
1;6;3;0;2;41;3.6586
1;6;3;0;1;3;2
1;6;2;1;2;41;4
1;6;1;0;1;0;2.8
1;6;2;0;1;28;1
1;6;2;0;1;20;2.4787
1;6;2;2;1;7;2.75
1;6;1;2;2;38;2.4739
1;6;2;0;1;41;5
1;6;2;0;1;14;2.71
1;6;1;0;2;0;1
1;6;3;0;2;0;2.67
1;6;2;0;1;0;3.6083
1;6;1;2;2;0;2
1;6;2;0;2;0;3.25
1;6;2;0;2;0;3.67
1;6;3;2;2;0;5
1;6;2;0;1;0;1.25
1;6;1;0;2;0;3.2376
1;6;3;0;2;0;5
1;6;1;0;2;0;1
1;6;1;1;2;0;4.25
1;6;2;0;2;0;2
1;6;1;2;1;0;2.14
1;6;3;0;2;54;1.86
1;6;1;0;1;0;1.89
1;6;2;0;2;0;2
1;6;1;2;2;0;4
1;6;2;0;1;35;2
1;6;2;1;1;48;2.38
1;6;2;0;2;9;4.8
1;6;2;0;2;15;5
1;6;2;0;2;12;4.6
1;6;3;0;1;12;3.75
1;6;3;1;1;10;3
1;6;3;0;2;9;4.4
1;6;1;0;2;54;1
1;6;3;1;2;21;4.33
1;6;1;0;2;49;2.5
1;6;1;2;2;3;3.6
1;6;2;2;2;6;3
1;6;1;1;1;30;2.5
1;6;1;2;2;23;3
1;6;3;1;1;23;3.67
1;6;3;0;2;2;3.86
1;6;3;0;2;32;4
1;6;3;1;2;28;4.5
1;6;3;0;2;38;4.25
1;6;3;0;2;32;4.00935
1;6;2;0;2;18;3.6
1;6;2;0;2;39;4
1;6;2;0;2;37;2.5
1;6;3;0;2;26;3.67
1;6;3;0;2;46;3.5
1;6;3;0;2;39;3.5
1;6;2;0;2;37;2.75
1;6;3;0;2;34;3
1;6;2;0;2;19;5
1;6;3;1;2;0;4
1;6;3;1;2;28;3
1;6;3;0;2;34;5
1;6;3;0;2;32;4.75
1;6;2;0;2;30;3
1;6;3;0;2;14;1.5
1;6;2;0;2;18;4.33
1;6;1;0;2;37;2.14
1;6;1;2;2;28;2
1;6;2;0;2;23;4
1;6;3;1;2;13;3.5
1;6;2;2;2;30;1.33
1;6;2;0;2;30;1.5
1;6;3;0;2;37;4
1;6;3;0;2;37;5
1;6;2;2;2;58;4
1;6;3;0;1;75;1.4
1;6;3;0;2;42;3
1;6;3;0;2;79;3.7332
1;6;2;0;2;28;4
1;6;3;2;2;0;2.33
1;6;2;0;2;42;1
1;6;2;0;2;28;3.1816
1;6;2;0;2;24;4
1;6;1;1;2;0;1.83
1;6;2;1;1;31;2.4501
1;6;3;0;2;34;1.75
1;5;1;0;1;28;2.8712
1;5;3;0;2;41;4
1;5;1;2;2;4;2.22
1;5;2;1;1;41;3.25
1;5;3;0;2;0;4.33
1;5;1;1;2;0;5
1;5;1;1;2;0;4.5
1;5;1;0;2;0;2.4859
1;5;2;3;2;0;2.17
1;5;2;0;2;0;1
1;5;1;3;2;0;2.5129
1;5;2;0;2;0;1.5
1;5;2;0;2;0;3.33
1;5;2;3;2;0;1.5
1;5;1;0;1;0;2.78
1;5;3;0;1;16;1
1;5;2;3;1;30;4.43
1;5;2;0;2;17;3.6492
1;5;3;2;1;37;1
1;5;2;1;2;37;2.5
1;5;2;1;2;28;2.33
1;5;3;1;2;87;2.17
1;5;3;0;2;30;3
1;5;3;0;1;37;1
1;5;2;0;1;37;3.5
1;5;2;0;2;34;3.67
1;5;2;0;2;28;3.5
1;5;2;2;2;37;3.67
1;5;3;0;2;9;5
1;5;2;0;2;4;1.67
1;5;2;2;2;6;4
1;5;3;0;2;28;5
1;5;3;0;2;28;3.50605
1;5;3;0;2;34;2.770767
1;5;2;0;2;9;2.6
1;5;3;1;2;9;4.67
1;5;3;0;1;47;4
1;2;1;0;1;41;4
1;4.91;2;2;1;65;1.67
1;6.04;2;1;2;0;5
1;4.58;1;1;2;2;1
1;5.65;1;1;2;0;3
1;5.53;3;0;1;29;2.44
1;5.64;2;2;2;30;3
1;5.84;1;2;2;30;3.86
1;5.7475;3;0;2;50;3.4
1;6.02;3;0;2;37;4.1628
1;5.82;1;0;1;28;2.3574
1;5.49;2;0;2;32;1.5
1;5.56;1;0;2;0;2.6
1;7;2;0;1;14;4
1;7;3;0;1;19;2
1;7;1;0;1;13;5
1;7;2;0;1;41;4
1;7;3;0;1;35;2.8
1;7;3;0;1;28;3.33
1;7;3;0;1;30;3.2801
1;7;2;1;2;30;3
1;7;3;0;1;14;4.4
1;7;3;1;2;0;3.5
1;7;3;0;2;0;3.3127
1;7;3;0;2;0;2.4722
1;7;1;0;2;0;2.8165
1;7;2;0;2;0;3.5
1;7;1;2;2;0;5
1;7;1;0;2;0;5
1;7;1;0;2;0;4.33
1;7;3;0;2;41;4.5
1;7;2;0;1;0;4
1;7;2;0;2;0;5
1;7;1;0;1;0;2
1;7;2;0;2;0;4
1;7;3;0;2;0;1
1;7;2;0;2;0;2.82705
1;7;1;2;2;0;1.5
1;7;2;0;2;6;4
1;7;2;0;1;0;2.71
1;7;2;0;2;6;2.17
1;7;3;0;2;9;3
1;7;1;0;2;32;4
1;7;2;0;2;42;2.43
1;7;3;0;2;37;4.6
1;7;2;2;2;37;2.17
1;7;3;0;2;37;2.8593
1;7;3;0;1;50;2.5
1;7;3;0;2;8;2.25
1;7;3;0;2;46;2
1;7;2;0;1;37;3.33
1;7;3;0;2;30;3.2
1;6;3;0;1;41;4
1;6;2;0;1;41;3.43
1;6;3;0;1;20;2
1;6;1;0;1;41;5
1;6;2;0;1;41;2
1;6;2;0;1;41;3.33
1;6;2;0;1;33;2.5
1;6;3;0;1;28;3.75
1;6;1;0;1;19;3
1;6;3;0;1;0;4
1;6;2;0;2;7;2
1;6;3;0;1;41;4
1;6;3;0;1;51;1
1;6;3;0;2;41;4.2
1;6;3;0;1;30;1.25
1;6;1;0;2;28;1
1;6;1;0;2;14;3.2
1;6;3;0;2;0;4.33
1;6;1;1;2;0;1
1;6;1;0;1;0;5
1;6;2;1;1;0;1.9154
1;6;1;2;2;0;2
1;6;1;0;1;0;2.33
1;6;3;1;1;0;3.6999
1;6;1;0;1;0;3.2
1;6;1;0;2;0;1.8
1;6;2;0;1;0;2.1859
1;6;3;0;2;0;5
1;6;1;0;1;0;1
1;6;3;0;2;0;3.75
1;6;1;1;2;0;3.43
1;6;2;1;1;18;2.5
1;6;3;0;2;25;4
1;6;1;0;2;23;1.5
1;6;2;0;2;7;3.5
1;6;3;1;2;21;3.33
1;6;2;0;2;20;3
1;6;2;0;1;23;3.4
1;6;2;0;2;19;2.25
1;6;1;0;1;0;1
1;6;3;0;1;45;1
1;6;2;0;2;37;3.5
1;6;2;0;2;22;4.43
1;6;2;3;2;20;2
1;6;2;0;1;18;2.43
1;6;3;0;2;14;4
1;6;3;1;2;76;5
1;6;2;0;1;23;1.33
1;6;2;0;2;37;2
1;6;3;0;2;38;2.75
1;6;3;0;2;37;2.5
1;6;3;0;2;34;5
1;6;2;0;2;32;4
1;6;3;0;1;26;2.7826
1;6;3;0;1;38;3
1;6;1;0;2;37;2.5
1;6;3;0;2;37;4.75
1;6;1;2;2;2;3
1;6;2;3;2;24;1
1;6;2;2;2;28;1
1;6;2;0;2;28;3.67
1;6;3;0;1;28;3.4118
1;6;3;0;2;28;3
1;6;3;0;2;39;3.9258
1;6;3;0;2;42;3.7045
1;6;3;0;2;37;4.5
1;6;3;0;2;33;2.67
1;6;1;0;2;44;1
1;6;2;0;2;42;2.64
1;6;3;0;1;37;4
1;6;2;0;2;37;3
1;6;3;0;2;17;3.2
1;6;1;2;2;49;3
1;6;2;0;2;23;4
1;6;3;0;2;22;3.11978
1;6;3;0;2;46;2.9018
1;5;2;0;1;41;3
1;5;2;0;1;38;1
1;5;2;0;1;28;2
1;5;2;0;1;3;4
1;5;2;1;1;34;3.67
1;5;1;4;1;0;1.2
1;5;1;0;2;0;2.5
1;5;2;0;2;0;1
1;5;1;0;1;0;3
1;5;2;1;1;0;2.67
1;5;2;0;2;0;3
1;5;1;1;2;0;1
1;5;1;0;2;0;2.5
1;5;1;1;1;0;1.89
1;5;2;0;2;17;2.8
1;5;3;0;2;36;3.3256
1;5;2;0;1;14;3
1;5;2;0;1;12;4
1;5;1;1;1;5;1
1;5;1;2;1;13;3.0917
1;5;3;0;1;17;3.6425
1;5;2;0;2;34;4
1;5;2;0;1;28;1
1;5;3;0;1;28;3
1;5;3;0;2;20;4
1;5;2;0;2;18;2.88
1;5;3;0;2;10;4
1;5;3;0;2;32;4.5
1;5;2;0;1;73;3
1;5;3;0;2;37;3
1;5;3;0;2;28;4
1;5;2;0;2;42;3.75
1;5;3;0;2;28;2
1;5;3;0;2;20;3.67
1;5;1;0;1;15;5
1;5;2;0;2;15;2.6
1;5;3;0;2;13;3.2
1;5;3;0;2;4;2.7686
1;5;3;0;2;37;3.5552
1;5;2;1;2;28;4
1;5;2;0;2;61;2.97335
1;5;2;0;1;0;2
1;5;2;2;2;23;2
1;5;2;0;2;18;4.86
1;4;3;0;2;46;4
1;5.2;2;1;1;41;3.33
1;5.745;2;1;1;0;1.83
1;4.7;1;0;1;17;4
1;5.47;2;0;2;20;1.5
1;5.54;3;0;2;14;3.25
1;5.31;2;1;2;14;3.5
1;5.41;3;0;1;18;1.22
1;5.84;3;0;2;13;3.0799
1;5.09;2;0;1;20;1.17
1;5.55;3;0;2;47;3.7701
1;7;3;0;1;65;2
1;6;3;0;2;0;4.33
1;6;2;0;2;0;1.75
2;5;3;0;2;13;3.5
2;6;2;0;2;9;3.4958
2;7;1;0;2;26;2
2;6;1;0;2;0;1
2;7;2;0;2;32;4.5
2;6;1;0;2;31;4
2;7;1;0;2;0;1.67
2;6;2;0;2;18;2.7553
2;6;1;0;1;0;4.25
2;7;3;1;2;12;3
2;5;2;0;1;25;2.6
2;5;3;1;2;26;2.4
2;7;3;0;2;9;2.75
2;6;1;1;1;0;1.9988
2;5;2;3;1;0;4
2;6;3;0;2;19;4.2
2;5;2;0;2;0;3.3191
2;5;2;2;2;8;3.67
2;6;2;0;2;3;4.67
2;7;1;2;1;9;3.67
2;6;2;1;2;37;3
2;6;3;0;2;0;2.5
2;6;2;0;2;6;2.25
2;7;3;0;2;0;4.67
2;6;2;0;2;20;3.5
2;5;1;3;2;0;2.14
2;7;2;0;2;31;4
2;6;1;1;2;19;2.83
2;6;3;0;2;32;4
2;7;3;1;2;13;3.25
2;6;1;4;2;23;2.5876
2;6;2;2;2;64;2.88
2;5;3;0;2;56;4
2;5;1;0;2;9;5
2;7;1;0;2;30;1.4
2;5;2;1;2;0;1.86
2;6;2;0;2;0;4
2;6;3;2;2;0;1
2;6;1;3;2;39;2.7536
2;5;3;0;2;18;2.5
2;6;3;0;2;30;4.33
2;7;2;0;2;28;1.33
2;7;1;2;2;30;2
2;7;1;1;1;3;2.67
2;7;3;0;2;0;3.155
2;7;2;0;2;0;3
2;7;1;1;1;0;4
2;7;1;0;2;0;3.6
2;7;1;1;2;0;1
2;7;1;0;2;0;1
2;7;2;0;2;0;2
2;7;1;0;2;0;1.33
2;7;1;4;2;0;1.4
2;7;1;1;2;0;1
2;7;2;1;2;0;2.67
2;7;3;1;2;10;1
2;7;2;3;1;4;3.14
2;7;1;0;2;28;2
2;7;1;4;2;9;2.953217
2;7;1;2;2;28;2
2;7;3;0;2;10;2.67
2;7;2;0;2;36;3.5
2;7;3;0;2;27;1
2;7;2;0;2;37;3.4
2;7;2;0;2;18;1
2;7;2;0;2;28;2
2;7;2;0;2;84;3.75
2;7;3;2;2;32;3.33
2;7;2;0;2;22;2.67
2;7;3;1;1;117;2.8172
2;7;3;0;2;32;3.0249
2;7;3;2;2;44;2
2;7;1;2;1;52;4.4
2;7;1;1;2;23;3.43
2;7;1;1;2;13;1
2;7;2;3;2;19;3.0613
2;6;1;0;2;55;1.29
2;6;2;1;1;3;2
2;6;2;1;2;13;3.25
2;6;2;1;1;4;4
2;6;3;0;2;28;2.86
2;6;1;1;2;9;4.5
2;6;2;1;2;0;2
2;6;2;1;2;0;3
2;6;2;1;2;0;3.486
2;6;2;0;2;0;3.5
2;6;2;0;2;0;3.75
2;6;1;1;1;0;2.7241
2;6;1;0;2;0;1
2;6;1;3;2;0;2.4
2;6;1;0;2;0;2.5185
2;6;1;0;2;0;2
2;6;1;0;2;0;4
2;6;1;1;1;0;1.57
2;6;1;2;2;0;2.6411
2;6;1;1;2;0;1.5555
2;6;1;1;2;0;2
2;6;2;1;2;0;4
2;6;1;1;2;7;2
2;6;2;0;1;0;3.75
2;6;1;0;2;0;4
2;6;3;1;1;52;2.60878
2;6;3;0;1;0;3
2;6;2;0;1;0;1.83
2;6;2;0;2;0;3.1
2;6;2;0;1;5;4
2;6;2;0;2;4;3.5
2;6;3;0;2;45;4
2;6;2;2;2;38;2
2;6;2;1;2;19;4
2;6;2;0;2;26;4
2;6;1;1;2;10;4.33
2;6;1;1;1;9;1.67
2;6;3;0;2;18;3.25
2;6;2;0;2;43;1.8
2;6;2;0;2;39;3.67
2;6;3;0;2;14;2.5
2;6;3;0;2;37;4
2;6;3;0;1;34;2.4891
2;6;3;0;2;32;3
2;6;1;0;2;60;3.33
2;6;3;0;2;10;1.5
2;6;2;1;1;18;3
2;6;2;4;2;26;3.1982
2;6;3;0;2;76;4
2;6;2;1;2;28;4.33
2;6;1;0;2;15;3
2;6;3;0;2;22;1.5
2;6;3;0;2;37;3.247833
2;6;3;0;1;60;5
2;5;2;0;1;41;4
2;5;1;2;1;28;4
2;5;3;1;1;15;2.5
2;5;2;1;1;15;2.75
2;5;2;0;2;0;4
2;5;1;2;2;0;5
2;5;3;0;2;0;4
2;5;1;3;1;0;1
2;5;2;0;2;0;5
2;5;2;3;2;0;2.4719
2;5;1;1;1;0;4
2;5;2;0;2;4;3.62
2;5;2;0;2;29;3.75
2;5;3;0;2;30;4
2;5;1;0;1;24;4.75
2;5;1;1;2;24;4.14
2;5;3;0;2;59;3
2;5;3;0;2;19;3.1952
2;5;3;0;2;22;2.9424
2;4;1;4;2;23;4
2;5.65;2;0;2;4;3.5
2;5.363333;3;0;1;0;2.67
2;5.77;1;2;2;30;2.5
2;5.55;2;1;2;24;1.2
2;6.06;3;0;2;26;3.0714
2;5.42;3;1;2;37;3.5
2;5.76;2;0;2;18;3.5
2;7;3;1;1;35;4.5
2;7;2;0;2;20;1
2;7;3;0;2;18;1.67
2;7;2;2;2;78;2.83
2;7;3;0;2;28;2.75
2;7;3;2;1;18;1
2;7;3;0;2;74;5
2;7;2;0;1;30;4
2;6;2;0;1;41;3
2;6;3;1;1;11;4.25
2;6;2;0;2;51;1
2;6;1;0;1;0;3.47535
2;6;3;0;2;0;1.33
2;6;2;0;1;0;4.25
2;6;3;0;2;0;3.67
2;6;2;1;2;0;2
2;6;2;0;2;0;1.29
2;6;2;1;1;0;1.5
2;6;1;2;1;0;1
2;6;2;0;1;75;3.8
2;6;3;0;2;17;3
2;6;3;0;1;26;4
2;6;1;0;1;15;3.25
2;6;3;0;2;32;3.75
2;6;3;0;1;18;4
2;6;3;0;2;18;2
2;6;3;0;2;18;1
2;6;3;1;2;100;2
2;6;3;0;2;28;2.33
2;6;3;0;2;14;1.2
2;6;2;0;2;31;3
2;6;2;2;2;3;1
2;6;2;0;2;6;2.75
2;5;2;0;1;0;3.5
2;5;2;0;2;0;4.75
2;5;1;0;1;80;3.83
2;5;2;2;2;30;3.5132
2;5;2;0;2;21;3.5
2;4;3;2;1;15;1.09
2;6.04;2;3;2;18;2.4759
2;5.75;2;0;2;47;5
2;5.55;3;1;2;0;3.5
2;5.39;2;0;2;9;2.5
2;5.85;2;0;2;28;3
2;5.92;2;0;2;0;2.8
1;4;2;0;1;0;2
1;7;2;1;1;0;5
1;7;2;0;1;0;4.8
1;5;3;0;1;0;2.5
1;5;3;0;1;0;2.4
1;4;3;0;1;18;4.33
1;5;1;2;1;23;4
1;4;2;2;1;0;5
1;6;2;1;1;0;1
1;5;1;1;1;0;3.83
1;5;1;0;1;0;3.33
1;4;2;0;1;0;4
1;6;2;0;2;25;3.25
1;5;3;1;1;25;3
1;5;3;0;1;0;1.83
1;4;2;2;1;0;4.83
1;4;2;0;1;0;4
1;5.45;3;1;1;0;4
1;5;3;0;1;0;3
1;5;2;1;1;0;4
1;6;3;1;1;33;2
1;6;3;0;1;0;4
1;5;3;1;1;0;5
1;5;2;0;1;0;3.67
1;3;3;3;1;0;2.6
1;5;3;1;1;0;3.33
1;4;3;0;1;0;3.33
1;5;2;1;1;0;3.17
1;5;2;1;1;28;4.5
1;4.885;2;1;1;0;5
1;6;2;0;1;0;4.33
1;5;2;0;1;0;1
1;5;2;3;1;0;5
1;2;1;2;1;0;3.67
1;4;2;0;1;18;2
1;5.46;2;0;1;0;1.67
1;5;2;3;1;0;2.86
1;6;2;0;1;0;4.33
1;5;2;0;1;0;3
1;5;2;2;1;0;3
1;5;2;1;1;0;2.6
1;6;2;0;1;0;2.8
1;6;2;0;1;0;2
1;6;2;0;1;39;4
1;6;3;1;1;0;4
1;5;2;0;1;25;3.75
1;5;1;1;1;0;2.33
1;5;1;0;1;0;4
1;3;1;0;1;0;1
1;7;2;0;1;0;3.67
1;5;1;0;1;0;3.83
1;5;3;0;1;82;2.593155
1;6;2;1;1;0;3
1;2;1;3;1;0;3.75
1;5;1;0;1;0;3
1;5;1;2;1;0;1
1;2;2;2;1;0;3.4
1;3;2;1;1;0;4
1;5.285;2;0;1;0;4.25
1;7;2;0;1;0;2.6
1;5;2;0;1;0;1.6
1;5;2;0;1;0;3
1;5;1;1;1;0;4
1;5;2;1;1;63;3.43
1;5;3;0;1;0;3
1;4;2;0;1;0;4.25
1;4;2;2;1;0;4.67
1;5;1;1;1;0;4
1;3;2;2;1;0;2.8
1;7;2;0;1;0;1.67
1;5;3;0;1;0;5
1;5;2;2;1;0;3
1;5;3;0;1;41;4
1;7;2;0;1;28;3.33
1;7;2;0;1;0;3.17
1;7;3;1;1;0;3
1;7;3;2;1;0;4
1;7;2;1;1;0;3.33
1;7;3;0;1;0;4
1;7;2;0;1;89;1.8
1;6;3;0;1;35;4.17
1;6;3;0;1;45;3.5
1;6;2;0;1;44;3.67
1;6;3;0;1;28;3.5493
1;6;1;0;1;5;3
1;6;1;3;1;0;2
1;6;2;0;1;0;2
1;6;2;1;1;0;4
1;6;2;2;1;0;1.25
1;6;3;4;1;0;3
1;6;3;1;1;0;2.2
1;6;3;0;1;0;4.17
1;6;2;0;1;0;2.25
1;6;1;1;1;0;3.17
1;6;2;1;1;0;3.67
1;6;2;0;1;0;2
1;6;2;0;1;0;3.83
1;6;2;0;1;0;3.5
1;6;2;1;1;0;2.67
1;6;3;0;1;0;2
1;6;1;1;1;0;2.89
1;6;2;1;1;0;2.6
1;6;2;2;1;0;2.8571
1;6;2;1;1;0;2.67
1;6;2;0;1;0;1
1;6;2;2;1;0;4
1;6;2;1;1;0;4.75
1;6;2;0;1;0;1
1;6;2;3;1;0;3.67
1;6;2;1;1;0;2
1;6;2;0;1;0;3
1;6;2;1;1;0;4
1;6;2;0;1;0;1.4
1;6;2;0;1;0;3.67
1;6;3;0;1;0;3.5
1;6;2;0;1;0;3.6
1;6;1;1;1;0;4.4
1;6;3;0;1;0;3
1;6;3;0;1;0;4
1;6;2;0;1;0;2.25
1;6;1;4;1;0;3
1;6;1;0;1;0;2.14
1;6;2;1;1;0;4.86
1;6;2;1;1;0;4
1;6;2;1;1;53;2.56
1;6;3;0;1;45;2.67
1;5;2;1;1;21;3.5
1;5;2;0;1;36;3.2
1;5;2;1;1;41;3.67
1;5;3;1;1;35;2.67
1;5;2;0;1;28;3
1;5;3;0;1;28;1
1;5;2;3;1;25;3.67
1;5;1;2;1;25;1.4
1;5;2;0;1;25;4
1;5;1;2;1;14;1.6
1;5;2;0;1;0;1.5
1;5;1;1;1;0;3.5
1;5;2;1;1;0;3.25
1;5;3;0;1;0;2.5
1;5;3;0;1;0;4
1;5;2;0;1;0;3
1;5;1;0;1;0;3
1;5;2;3;1;0;4.67
1;5;1;0;1;0;3.88
1;5;2;0;1;0;4
1;5;2;0;1;0;3
1;5;3;0;1;0;2.86
1;5;2;1;1;0;3.29
1;5;2;0;1;0;4
1;5;1;1;1;0;4
1;5;2;0;1;0;2.33
1;5;2;1;1;0;2.5386
1;5;2;0;1;0;4
1;5;3;1;1;0;4.83
1;5;3;1;1;0;3.6
1;5;3;1;1;0;5
1;5;3;0;1;0;1.5
1;5;2;0;1;0;3.5
1;5;1;0;1;0;1.88
1;5;2;2;1;0;3
1;5;1;2;1;0;3.88
1;5;2;0;1;0;4.67
1;5;2;2;1;0;4.8
1;5;2;1;1;0;4
1;5;2;0;1;0;2.5
1;5;2;1;1;0;2.33
1;5;2;2;1;0;5
1;5;2;2;1;0;5
1;5;2;1;1;0;1
1;5;1;1;1;0;4.57
1;5;2;0;1;0;3
1;5;3;0;1;0;4.29
1;5;3;1;1;0;5
1;5;2;2;1;0;3.6
1;5;2;0;1;0;4.2
1;5;2;0;1;0;4
1;5;2;0;1;0;5
1;5;1;0;1;0;1.33
1;5;2;0;1;0;4.67
1;5;2;2;1;0;3.67
1;5;2;1;1;0;3.33
1;5;3;0;1;0;4
1;5;2;3;1;0;1.6
1;5;2;1;1;0;3
1;5;2;3;1;0;3.4
1;5;2;2;1;0;3.2
1;5;2;0;1;0;4
1;5;3;0;1;0;3
1;5;2;1;1;0;1.67
1;5;3;1;1;0;2.5
1;5;3;0;1;0;4
1;5;3;0;1;72;4
1;5;2;1;1;18;1.75
1;4;3;0;1;0;5
1;4;2;2;1;0;2.71
1;4;2;1;1;0;3
1;4;3;0;1;0;3.5
1;4;2;3;1;0;2.38
1;4;2;1;1;0;1.5
1;4;1;0;1;0;5
1;4;2;0;1;0;1.2
1;4;1;3;1;0;1.71
1;4;1;2;1;0;1
1;4;1;0;1;0;1.75
1;4;1;0;1;0;2.6
1;4;2;4;1;0;1.83
1;4;2;2;1;0;4.33
1;4;1;0;1;0;4.5
1;4;2;3;1;0;2.62
1;4;2;0;1;0;1.6
1;4;2;0;1;0;3.5
1;4;2;1;1;0;1.83
1;4;1;1;1;0;3.151067
1;4;2;0;1;0;4
1;3;1;1;1;0;1
1;3;1;2;1;0;2
1;3;2;1;1;0;3
1;3;2;3;1;0;3.2755
1;3;1;1;1;0;2.67
1;3;2;3;2;0;3.8
1;2;2;2;1;36;3
1;2;1;0;1;0;2.171658
1;5.081667;2;2;1;0;3
1;5.5;3;0;1;0;4
1;5.33;1;1;1;0;3
1;5.615;2;0;1;0;2.9586
1;5.185;2;1;1;0;4.2
1;5.54;2;0;1;0;3.33
1;4.68;1;0;1;0;1.8
1;7;2;0;1;41;1.2
1;7;2;1;1;33;4.5
1;7;3;1;1;30;1
1;7;2;0;1;30;2.2
1;7;2;0;1;0;2.83
1;7;2;0;1;0;1
1;7;2;0;1;0;2.5
1;7;2;3;1;0;4
1;7;3;3;1;0;4
1;7;2;0;1;0;4
1;7;2;1;1;0;2.75
1;7;2;1;1;0;1
1;6;1;1;1;48;1
1;6;2;0;1;41;2.2
1;6;3;0;1;41;5
1;6;2;0;1;35;1
1;6;3;0;1;35;1
1;6;2;0;1;35;3
1;6;3;0;1;32;4.17
1;6;3;0;1;30;2.33
1;6;2;0;1;28;3.5
1;6;2;0;1;28;3.25
1;6;3;1;1;19;4.6
1;6;1;0;1;10;2.8
1;6;3;1;1;0;2.88
1;6;3;2;1;0;2.57
1;6;3;2;1;0;2.8
1;6;2;0;1;0;2.917
1;6;1;1;1;0;2.25
1;6;2;2;1;0;3.25
1;6;3;0;1;0;2
1;6;3;0;1;0;3.6
1;6;2;0;1;0;3.5
1;6;2;0;1;0;1
1;6;2;0;1;0;2
1;6;2;1;1;0;2.43
1;6;2;0;1;0;2
1;6;2;0;1;0;2.8
1;6;2;0;1;0;4
1;6;2;0;1;0;3.2
1;6;2;0;1;0;4
1;6;2;2;1;0;4.43
1;6;3;2;1;0;4
1;6;3;0;1;0;4.2223
1;6;3;0;1;0;4.5
1;6;2;1;1;0;3.8
1;6;2;0;1;0;4.67
1;6;2;1;1;0;1.8
1;6;1;0;1;0;2.6
1;6;2;2;1;0;2
1;6;3;1;1;0;4
1;6;3;1;1;0;3.5
1;6;3;0;1;0;5
1;6;2;1;1;0;4.17
1;6;3;0;1;0;4.67
1;6;3;0;1;0;1.88
1;6;3;0;1;0;3.4
1;6;1;2;1;0;2.88
1;6;2;1;1;0;4.2
1;6;1;0;1;0;4.43
1;6;2;0;1;0;3.6
1;6;3;1;1;0;1.17
1;6;3;0;1;0;4
1;6;2;0;1;0;3.6
1;6;3;0;1;0;3
1;6;2;0;1;0;1.38
1;6;1;1;1;0;3
1;6;3;0;1;0;5
1;6;3;1;1;0;1
1;6;2;1;1;0;1.8
1;6;3;1;1;0;2.382267
1;6;2;1;1;49;4.2
1;5;2;0;1;56;1.57
1;5;3;0;1;51;4
1;5;2;1;1;36;3.67
1;5;2;0;1;48;4.17
1;5;2;0;1;41;3.6
1;5;2;0;1;28;1
1;5;3;1;1;28;5
1;5;1;0;1;20;2.71
1;5;2;0;1;19;2.2
1;5;2;0;1;19;2.2
1;5;2;0;1;41;5
1;5;2;2;1;35;4.67
1;5;1;0;1;0;2.2
1;5;3;1;1;0;3
1;5;1;0;1;0;2.5
1;5;1;2;1;0;3.4831
1;5;3;0;1;0;4
1;5;3;1;1;0;2.4
1;5;2;1;1;0;4.14
1;5;3;0;1;0;2.8
1;5;3;1;1;0;3.67
1;5;2;0;1;0;3.6
1;5;2;1;1;0;5
1;5;2;0;1;0;2
1;5;2;2;1;0;2.2
1;5;2;0;1;0;2.67
1;5;2;2;1;0;3.43
1;5;3;0;1;0;5
1;5;2;0;1;0;1.33
1;5;2;1;1;0;2
1;5;3;0;1;0;2.4
1;5;3;0;1;0;2.71
1;5;1;1;1;0;2
1;5;1;0;1;0;2.43
1;5;1;1;1;0;3
1;5;3;1;1;0;5
1;5;3;1;1;0;1
1;5;3;2;1;0;5
1;5;3;0;1;0;3.43
1;5;2;0;1;0;4.5
1;5;1;0;1;0;4
1;5;2;0;1;0;4
1;5;2;0;1;0;5
1;5;2;0;1;0;3.25
1;5;2;1;1;0;3.43
1;5;1;0;1;0;2
1;5;2;1;1;0;5
1;5;3;0;1;0;1
1;5;3;0;1;0;4
1;5;3;1;1;0;4.5
1;5;3;1;1;0;5
1;5;2;1;1;0;4.2
1;5;2;0;1;0;3.57
1;5;2;0;1;0;3.67
1;5;2;1;1;0;4
1;5;2;0;1;0;4
1;5;2;0;1;0;2.5
1;5;2;2;1;0;4
1;5;2;0;1;0;2.62
1;5;3;0;1;0;3.3303
1;5;3;0;1;0;4.75
1;5;3;1;1;0;3
1;5;3;0;1;0;4
1;5;2;1;1;0;4
1;5;3;2;1;0;3.9588
1;5;3;0;1;0;2.33
1;5;3;0;1;0;5
1;5;3;0;1;0;2.4
1;5;2;0;1;0;4.5
1;5;2;0;1;0;3.6
1;5;2;0;1;0;4
1;5;2;0;1;0;4.2
1;5;2;0;1;0;5
1;5;3;3;1;0;4.25
1;5;3;2;1;0;3.5
1;5;3;0;1;0;4.67
1;5;3;1;1;0;4
1;5;2;0;1;0;3
1;5;2;0;1;0;2.5
1;5;3;0;1;0;3
1;5;1;1;1;0;1
1;5;2;0;1;0;2.5
1;5;2;0;1;0;3.5
1;5;2;1;1;0;3.75
1;5;2;0;1;0;3.62
1;5;2;0;1;0;3.25
1;5;2;0;1;0;2.5
1;5;2;0;1;0;4
1;5;3;0;1;0;2.5
1;5;2;1;1;0;2.687233
1;5;2;0;1;0;4.75
1;5;3;2;1;108;4
1;5;2;0;1;61;3.71
1;5;3;1;1;34;4
1;5;2;2;1;19;3
1;5;3;0;1;48;4.67
1;5;2;1;1;15;4.17
1;4;1;0;1;51;3.5
1;4;1;4;1;30;1.67
1;4;2;1;1;30;3.6
1;4;3;2;1;0;3.25
1;4;2;0;1;0;4
1;4;2;1;1;0;2.71
1;4;2;0;1;0;3.4
1;4;2;0;1;0;3
1;4;3;0;1;0;3.67
1;4;2;1;1;0;3.38
1;4;2;0;1;0;3.8136
1;4;3;0;1;0;5
1;4;2;0;1;0;4.4
1;4;2;1;1;0;4.88
1;4;1;0;1;0;3.2
1;4;1;4;1;0;4
1;4;3;2;1;0;2.5
1;4;2;0;1;0;3.1862
1;4;1;1;1;0;1
1;4;3;0;1;0;3.67
1;4;2;0;1;0;4
1;4;2;2;1;0;5
1;4;2;0;1;0;2.8
1;4;1;0;1;82;3.25
1;4;2;0;1;5;3
1;4;2;0;1;21;5
1;4;2;2;2;16;2
1;4;2;1;1;16;4
1;3;2;1;1;41;3
1;3;1;0;1;36;1.5
1;3;1;3;1;0;3.62
1;3;2;1;1;0;5
1;3;2;0;1;0;4
1;3;2;0;1;0;3.75
1;3;2;1;1;0;3.5
1;3;2;2;1;0;3
1;3;2;3;1;0;2
1;3;2;1;1;0;2
1;3;2;3;1;0;3.33
1;2;3;0;1;0;1
1;2;1;2;1;0;3.3643
1;2;1;2;1;0;1
1;5.32;3;0;1;0;1.6
1;2.65;1;4;1;31;3.29
1;5;2;0;1;28;2.8508
1;5.2;2;1;1;28;3.75
1;5.5;3;1;1;0;2.7914
1;4.94;3;0;1;0;4
1;5.29;2;1;1;0;3
1;3.18;1;2;1;0;3.33
1;4.818333;2;0;1;0;3.9703
1;5;2;4;1;0;5
1;2;2;4;1;16;2.8
2;6;2;0;1;0;2.2
2;5;2;0;1;8;1.5
2;6;3;0;2;22;2
2;5;2;2;1;0;3.2
2;7;3;1;1;0;5
2;5;2;1;1;0;2
2;5;2;1;1;21;1.8
2;6;2;3;1;49;2
2;5;1;0;1;0;2.84455
2;3;2;0;1;0;5
2;3;2;1;1;0;2.67
2;6;3;1;1;0;5
2;5;2;0;1;0;3.6
2;4;3;0;1;62;4
2;4;3;0;1;0;3.25272
2;3;2;1;1;0;2.5
2;5;2;0;1;0;5
2;5;3;2;1;0;1
2;5;2;1;1;0;3.4
2;7;3;0;1;41;4.33
2;4;3;0;1;59;3.43
2;4;2;0;1;25;5
2;6;2;1;1;0;5
2;5;1;2;1;0;3.4
2;5;2;1;1;0;3.67
2;6;2;1;1;17;2.75
2;6;3;0;1;41;4.57
2;6;1;0;1;14;1.78
2;6;2;0;1;0;2.67
2;6;1;0;1;0;2.5
2;6;2;1;1;0;5
2;6;2;1;1;0;1
2;5;3;0;1;43;3.4
2;5;2;0;1;30;2.8
2;5;2;1;1;30;4.2
2;5;3;0;1;28;4.5
2;5;2;2;1;28;2.25
2;5;1;2;1;0;2.122
2;5;2;0;1;0;2
2;5;3;1;1;0;3.355033
2;5;2;2;1;0;1
2;5;1;0;1;0;1.6
2;5;2;0;1;0;1
2;5;3;2;1;0;2
2;5;2;0;1;0;4.25
2;5;3;1;1;0;2
2;5;2;0;1;0;5
2;5;1;0;1;0;4
2;5;3;1;1;0;2.6
2;5;3;1;1;0;4.5
2;5;2;1;1;0;3
2;5;2;1;1;0;2.25
2;5;3;0;1;0;3.22
2;5;2;0;1;0;5
2;5;2;0;1;0;4
2;5;1;0;1;0;1.67
2;5;1;0;1;0;3.33
2;5;2;0;1;0;3.75
2;5;3;0;1;0;2.5716
2;5;2;1;1;0;4.86
2;5;2;0;1;0;4
2;5;2;1;1;0;1.67
2;5;2;0;1;0;1
2;5;1;2;1;0;1.67
2;5;2;0;1;0;4
2;5;2;0;1;66;4
2;4;1;3;1;65;2.71
2;4;1;0;1;18;3.67
2;4;3;0;1;0;3.5
2;4;3;0;1;0;1.5
2;4;1;3;1;0;1.75
2;4;1;2;1;0;1.5
2;4;2;3;1;0;3.5
2;4;1;4;1;0;2.9756
2;4;1;3;1;0;2.5
2;4;2;1;1;49;1
2;3;1;1;1;0;2.2
2;1;1;1;1;0;2
2;5.33;3;1;1;0;3.75
2;5.03;2;2;1;106;2.25
2;7;2;0;1;0;2.5
2;7;2;0;1;81;4
2;6;2;0;1;0;3.011
2;6;2;0;1;0;1.33
2;6;3;0;1;0;4.5
2;6;3;0;1;0;3.4
2;6;2;0;1;0;3
2;6;3;0;1;0;4
2;5;2;0;1;48;4
2;5;2;0;1;28;4
2;5;3;0;1;0;3.67
2;5;3;0;1;0;1
2;5;2;1;1;0;3
2;5;1;1;1;0;4.67
2;5;1;0;1;0;4.25
2;5;2;0;1;0;5
2;5;3;0;1;0;3.25
2;5;2;0;1;0;3.6
2;5;2;0;1;0;3.5
2;5;2;0;1;0;3.67
2;5;2;0;1;0;4.67
2;5;2;1;1;0;5
2;5;2;1;1;0;4
2;5;3;0;1;0;4
2;5;2;0;1;0;4.8
2;5;3;0;1;0;3.43
2;5;2;0;1;0;3.8
2;5;2;0;1;0;1.6
2;5;3;1;1;0;3.343533
2;5;2;1;1;0;3.8
2;5;2;2;1;0;3.17
2;5;2;0;1;0;4
2;5;3;0;1;0;3
2;5;1;2;1;0;2.5
2;5;2;1;1;25;2
2;5;1;0;1;16;5
2;5;3;1;1;23;2.7848
2;5;2;0;1;25;5
2;4;3;0;1;41;4
2;4;3;0;1;0;4
2;4;3;0;1;0;4
2;4;2;0;1;0;4.0822
2;4;3;0;1;0;3.5
2;4;1;3;1;0;4
2;4;3;0;1;26;4.67
2;3;2;1;1;24;4
2;3;1;6;1;0;2.67
2;3;2;3;1;0;4
2;3;2;2;1;0;4
2;3;1;3;1;0;4
2;3;2;2;1;0;4
2;3;2;0;1;0;3
2;3;1;1;1;28;4
2;2;2;1;1;20;1.33
2;5.206667;2;0;1;2;3
2;5.093333;2;0;1;0;3.75
2;6;3;1;1;0;2
2;6;3;0;1;41;4
2;4;2;2;1;0;3.75
1;6;3;0;2;37;4
1;5;3;0;1;0;2.67
1;5;2;0;2;0;2.2
1;6;2;0;1;26;5
1;6;3;0;1;5;5
1;5;2;0;2;30;4.43
1;3;1;1;1;0;2.2
1;6;1;1;1;0;1
1;6;2;1;2;0;4
1;5.2;2;0;1;34;2
1;6;3;0;1;35;4
1;6;2;0;2;28;2
1;4;3;0;1;37;4.67
1;6;3;0;2;18;1.75
1;5.39;1;1;2;0;2.67
1;6;2;0;2;30;5
1;6;3;0;2;32;5
1;5;3;0;1;30;1
1;5;2;1;1;40;1
1;5;2;2;1;6;2
1;5.4;2;0;2;0;3.2885
1;6;3;0;1;37;2.9779
1;5.73;1;2;2;32;1
1;5;1;0;2;13;4
1;5;1;0;1;7;2
1;4;3;2;1;19;2.5
1;5.85;3;0;2;26;3.8
1;5;2;0;2;0;2.86
1;6;1;2;1;25;3.17
1;6;3;0;2;18;4
1;1;1;2;1;25;2.7226
1;5;2;0;2;0;5
1;5;3;0;1;26;3
1;5;2;0;1;8;4
1;7;2;1;1;30;1
1;5;1;2;1;12;4.27
1;4;3;3;1;36;1.5
1;3;1;2;1;16;4
1;2;2;1;1;16;2.67
1;4;1;0;1;3;3.25
1;5;2;1;2;12;3
1;6;3;0;2;14;3.8
1;6;2;1;2;7;1.67
1;3;2;0;2;20;1.5
1;4.63;2;0;1;8;4
1;5;1;4;2;18;2
1;4;3;0;2;0;5
1;6;2;1;2;8;3.33
1;6;3;1;1;48;4.33
1;5;2;0;1;23;3.2
1;3;2;0;1;0;4
1;5;1;2;1;5;4.8
1;6;3;0;1;41;3
1;5;3;0;2;0;4
1;7;1;0;1;18;1
1;5;2;0;1;18;1.6
1;5;2;0;2;0;1
1;6;3;1;2;45;5
1;4;1;0;1;14;1.33
1;5;2;1;1;28;3
1;5;2;1;1;2;2
1;5;2;0;1;32;5
1;7;2;0;1;48;3
1;7;2;0;2;0;4
1;7;2;2;2;47;4
1;7;3;2;2;9;5
1;7;3;0;1;36;2.25
1;7;3;0;2;37;3
1;6;2;0;1;35;4.8
1;6;1;2;1;27;3.33
1;6;3;0;1;20;3.43
1;6;2;0;1;0;2
1;6;2;0;1;41;3.67
1;6;1;0;1;36;4
1;6;3;0;2;0;1.33
1;6;1;0;1;0;5
1;6;1;0;2;0;1
1;6;2;0;2;0;1
1;6;2;0;1;0;3
1;6;3;1;1;0;3.75
1;6;1;0;1;0;4
1;6;1;0;2;0;2
1;6;1;0;2;0;2.33
1;6;3;1;2;0;3
1;6;2;2;2;0;5
1;6;3;0;2;0;1
1;6;3;1;1;0;4.14
1;6;1;2;1;0;2.1768
1;6;1;2;2;15;2.5
1;6;2;0;2;37;2.4
1;6;1;2;2;32;3
1;6;3;0;2;11;3.33
1;6;1;0;1;2;2.33
1;6;3;0;2;75;5
1;6;3;0;2;37;3.6
1;6;3;1;2;10;3.25
1;6;1;1;2;28;3
1;6;3;1;2;37;2.4
1;6;2;0;2;10;1.33
1;6;3;0;2;37;4.67
1;6;2;0;1;26;2.9231
1;6;3;0;2;30;5
1;6;2;0;1;21;2.6
1;6;2;0;2;42;4
1;6;3;1;1;41;5
1;6;3;0;2;37;1.67
1;6;2;0;2;28;3.1864
1;6;1;0;2;32;2.052
1;6;1;3;2;24;1
1;5;2;1;1;14;4
1;5;2;0;1;0;5
1;5;2;0;1;52;3.5
1;5;2;2;1;41;3.4
1;5;3;2;1;41;2.56
1;5;2;0;1;41;1.2
1;5;2;0;1;33;3.4
1;5;2;0;1;8;1
1;5;3;0;2;34;3.5
1;5;2;0;1;30;4
1;5;1;0;2;0;3.5
1;5;1;0;1;0;1
1;5;2;0;1;0;4
1;5;1;3;1;0;1
1;5;1;0;1;0;2.64
1;5;2;1;2;0;2
1;5;3;0;1;0;3.86
1;5;2;0;2;0;4
1;5;1;3;1;0;3.25
1;5;1;0;1;0;3.8
1;5;2;0;2;0;3.33
1;5;1;2;2;21;1
1;5;2;1;1;13;2.14
1;5;2;0;1;0;4.33
1;5;2;1;1;17;4
1;5;2;0;2;16;1.78
1;5;3;0;1;24;2.67
1;5;2;0;2;24;3
1;5;1;0;2;3;3.75
1;5;1;1;1;8;2
1;5;3;5;2;8;5
1;5;3;0;1;6;1
1;5;1;1;1;24;2.43
1;5;3;0;2;6;3
1;5;3;1;2;18;1.5
1;5;2;0;2;70;2.57
1;5;1;0;2;36;2.5
1;5;2;0;2;32;3.33
1;5;3;2;2;28;1.4
1;5;3;2;1;28;4.6
1;5;3;0;2;2;1
1;5;2;0;2;34;3.5
1;5;2;0;2;26;3.83
1;5;3;0;2;18;4
1;5;3;0;2;14;4.57
1;5;2;0;2;4;2
1;5;1;1;2;26;3
1;5;3;0;2;32;3
1;5;3;0;2;32;3
1;5;1;0;2;37;1.5
1;5;1;0;1;5;1.5
1;5;2;5;2;14;2.64
1;5;2;0;1;68;2
1;5;3;0;1;36;5
1;5;3;2;1;2;4.22
1;5;1;1;2;24;2
1;5;2;0;2;50;4
1;5;2;0;1;3;3.5
1;5;2;0;2;48;2
1;5;3;0;2;42;2
1;5;1;0;2;26;1.25
1;5;3;1;2;4;1.71
1;4;3;1;1;31;4
1;4;3;1;1;20;2.75
1;4;2;2;1;20;2.67
1;4;1;2;1;3;4
1;4;3;1;1;0;2.4
1;4;1;3;1;0;3.43
1;4;1;4;1;8;2.33
1;4;3;3;1;21;2
1;4;2;3;1;17;4
1;4;3;2;1;15;2.67
1;4;1;1;2;15;2
1;4;3;1;2;37;1
1;4;2;0;2;34;5
1;4;3;1;1;38;3.25
1;3;2;1;1;22;2
1;3;2;0;1;41;3.62
1;3;2;1;1;21;2.67
1;3;2;1;1;19;2
1;3;2;0;1;94;3
1;1;1;6;1;20;2
1;5.95;1;4;2;0;4
1;5.38;1;1;2;0;3
1;5.56;1;0;2;0;4
1;6.05;3;0;2;0;1
1;5.59;2;0;2;43;2.25
1;4.81;3;0;2;0;3.4
1;5.31;2;2;1;0;1
1;5.73;3;1;1;37;5
1;5.75;3;0;2;37;1
1;5.95;1;0;2;28;4.25
1;5.47;2;1;2;24;4
1;3.34;2;1;1;14;4
1;7;3;0;1;14;4
1;7;2;0;1;41;2.4049
1;7;3;0;2;36;3
1;7;1;0;2;0;2.75
1;7;2;0;1;30;2
1;7;2;0;2;13;2.67
1;7;3;0;2;37;5
1;7;3;0;1;26;2.8
1;7;1;0;2;37;4
1;7;3;2;2;63;2.71
1;7;1;3;2;4;3.33
1;7;1;1;2;30;3
1;7;3;0;2;37;4
1;6;3;1;1;41;3.43
1;6;3;0;1;28;3
1;6;2;2;1;28;4
1;6;3;0;1;36;3
1;6;3;1;1;54;2
1;6;3;1;1;41;2
1;6;2;0;1;41;2
1;6;3;0;1;41;4
1;6;3;1;1;28;2.33
1;6;3;0;1;20;4
1;6;2;0;1;44;4.5
1;6;3;0;1;20;5
1;6;1;3;1;14;2
1;6;2;2;2;0;4
1;6;1;0;2;0;4
1;6;1;0;2;0;2.67
1;6;1;0;1;0;3
1;6;2;0;2;0;1
1;6;2;0;2;0;3
1;6;3;0;2;0;2.75
1;6;3;0;1;56;3.33
1;6;3;0;1;51;3.33
1;6;3;0;2;10;4
1;6;2;0;2;37;5
1;6;2;0;2;37;1
1;6;3;0;2;37;3.75
1;6;3;1;2;34;3.2416
1;6;1;0;2;32;1.33
1;6;3;0;1;19;4
1;6;3;0;2;32;3
1;6;3;0;1;72;3
1;6;3;0;2;18;4
1;6;3;0;2;4;4
1;6;2;0;2;9;4
1;6;1;1;1;73;2.801
1;6;3;0;1;69;4
1;6;3;0;2;39;4
1;6;3;1;2;46;3.67
1;6;3;0;1;73;2
1;5;3;0;1;8;4
1;5;1;0;1;5;2.1686
1;5;1;2;2;3;1
1;5;2;0;1;20;2
1;5;2;0;1;54;3.8
1;5;3;1;1;41;5
1;5;3;0;1;41;2
1;5;3;2;1;37;5
1;5;2;0;1;30;4
1;5;2;0;1;28;5
1;5;3;0;1;20;1
1;5;3;0;2;3;4
1;5;2;1;1;4;2.7
1;5;2;1;1;20;3.67
1;5;2;1;1;19;3.25
1;5;2;2;1;14;4.8
1;5;3;0;2;0;3.5
1;5;3;0;2;0;4
1;5;2;0;1;0;3.67
1;5;1;1;1;0;4
1;5;3;0;1;0;4
1;5;2;0;2;0;5
1;5;2;0;2;0;2.9883
1;5;3;1;1;0;3
1;5;1;1;2;0;5
1;5;1;0;1;0;2
1;5;2;0;1;0;3.83
1;5;2;1;1;40;2
1;5;1;0;1;23;2
1;5;2;0;2;0;3.0807
1;5;2;2;2;9;2.62
1;5;2;1;1;12;4
1;5;3;0;2;45;1
1;5;1;0;1;22;2.71
1;5;2;2;2;2;3.33
1;5;1;2;2;4;2.43
1;5;3;1;2;63;4.2
1;5;1;4;1;3;4.0177
1;5;3;0;1;82;4.33
1;5;3;0;1;36;5
1;5;2;0;2;12;1.75
1;5;2;0;2;21;4.33
1;5;3;0;2;37;4.25
1;5;3;1;2;28;1
1;5;2;0;2;18;4
1;5;3;0;2;32;1.83
1;5;3;0;1;37;4
1;5;3;1;1;37;2.4083
1;5;2;0;2;32;2
1;5;2;0;2;63;1
1;5;2;0;2;37;3
1;5;3;0;2;37;4
1;5;3;1;1;20;4
1;5;2;0;1;16;2
1;5;3;0;2;6;3.33
1;5;3;0;2;15;2.4154
1;5;3;0;1;51;3.89
1;5;1;5;1;17;3.4
1;5;3;0;1;35;5
1;5;2;0;1;12;2.6
1;5;3;0;2;28;2.5
1;5;3;0;2;37;4
1;5;3;0;2;50;4
1;5;2;0;1;24;3.33
1;5;3;0;1;37;4
1;4;2;2;1;34;4
1;4;1;0;1;15;2.33
1;4;1;1;1;5;2
1;4;2;1;1;0;3
1;4;2;1;1;0;4
1;4;1;1;2;16;2.4
1;4;2;1;1;10;3
1;4;1;0;1;28;1.75
1;4;1;1;1;18;2.25
1;4;2;0;1;0;4.25
1;4;3;0;1;9;4
1;4;2;2;1;29;3
1;4;3;0;1;0;3.25
1;4;2;0;2;39;4
1;4;3;0;2;65;3.5
1;4;3;0;1;60;4.71
1;3;2;1;1;41;3
1;3;1;3;1;30;2.25
1;3;2;0;1;22;2.5
1;3;2;0;1;23;4
1;3;2;1;1;14;4
1;3;1;1;1;19;2
1;3;2;1;1;9;4
1;3;2;3;1;17;3
1;2;1;1;1;16;3
1;2;2;0;1;27;3
1;2;1;2;1;25;4.5
1;2;2;1;1;26;1
1;2;2;0;1;0;2.29
1;5.47;3;0;1;41;3.67
1;5.45;1;1;1;13;4.33
1;4.025;2;1;1;0;4
1;5.67;3;0;2;27;4
1;5.63;3;0;2;21;5
1;5.28;3;0;1;82;3.5
1;5.24;3;0;2;32;3
1;5.89;3;0;2;32;3
1;4.96;3;0;1;28;2
1;4.16;2;0;2;12;2
1;5.69;2;0;2;34;3.5
1;6;1;0;1;0;2.43
1;6;1;2;2;18;3
1;5;3;2;1;0;3
1;5;1;0;2;37;1
1;5;3;0;2;37;2.9687
2;6;1;3;1;0;1.33
2;6;2;1;2;75;3
2;5;1;1;1;0;4.62
2;5;2;0;1;0;4
2;5.61;2;1;2;19;3.0608
2;4;1;2;1;0;2.4
2;5;1;0;1;0;2
2;6;2;0;2;58;3.641917
2;1;1;2;1;23;2.9025
2;5;1;2;1;19;2.67
2;5;1;1;1;0;4
2;6;2;0;1;0;2
2;4;1;2;1;18;1
2;4;3;0;2;4;4
2;5;2;0;1;15;2.5
2;5;3;0;2;16;4
2;4;2;0;2;0;2.43
2;6;2;2;2;0;2.67
2;5.67;1;1;2;0;2
2;5;3;0;2;0;1
2;5;3;0;1;12;3
2;5;2;2;1;0;4.29
2;5;2;0;2;14;4
2;5;2;1;2;23;3.25
2;5;2;2;2;17;2
2;5;3;0;2;22;3
2;7;1;0;2;0;4
2;7;1;2;2;0;1
2;7;2;0;2;2;3
2;7;2;0;2;28;1.5
2;7;2;0;1;24;3.012
2;6;2;2;1;46;3.5
2;6;3;0;2;0;3.17
2;6;3;3;2;0;2.5
2;6;2;0;2;0;2.67
2;6;1;4;2;22;2.91
2;6;3;0;2;24;2.9008
2;6;3;1;1;30;3.5808
2;6;3;1;2;5;1.83
2;6;3;0;2;28;3.5
2;6;1;0;1;8;3.5
2;6;3;1;2;18;3.1415
2;6;3;4;2;18;3
2;6;3;0;1;64;1.4
2;6;1;0;1;30;3
2;6;2;2;2;19;1.67
2;6;2;0;2;30;4
2;6;3;1;2;30;1
2;5;3;1;1;9;3.33
2;5;3;5;1;35;2.4
2;5;2;0;1;25;3.33
2;5;2;2;1;20;2.67
2;5;2;0;1;14;1
2;5;1;2;2;0;5
2;5;3;1;1;0;4
2;5;3;0;2;0;3.0268
2;5;1;0;2;0;5
2;5;1;2;1;0;3.25
2;5;3;1;2;0;2.78
2;5;2;0;2;0;4
2;5;3;1;1;0;3.2
2;5;1;2;2;6;2.6
2;5;3;0;1;58;2.33
2;5;2;1;2;18;4
2;5;2;0;1;29;3
2;5;3;0;1;36;2.7302
2;5;1;0;1;22;3.3174
2;5;3;0;1;9;3.3734
2;5;2;0;2;9;3.5
2;5;1;0;2;18;4.25
2;5;3;0;2;19;3.5
2;5;3;0;1;27;1
2;5;1;0;1;18;3.9
2;5;3;0;2;22;2.4778
2;5;3;0;2;14;3.5
2;5;2;0;1;14;2.67
2;5;3;0;2;38;2.8986
2;5;2;0;2;2;2
2;5;2;0;2;18;2
2;5;2;2;1;7;2.8
2;5;3;0;2;26;4
2;4;2;0;1;7;2
2;4;3;0;2;4;1
2;4;1;2;2;0;2.67
2;4;3;1;2;0;3.89
2;4;3;0;1;17;2
2;4;2;0;1;34;1
2;4;1;4;1;25;1.5
2;3;3;3;1;29;3.67
2;3;1;2;1;15;1
2;2;2;1;1;12;5
2;5.6275;2;0;1;0;1
2;5.08;3;0;1;0;4
2;5.37;1;0;1;0;4.14
2;5.89;1;5;2;0;1
2;5.32;1;1;2;0;2.5056
2;5.32;3;0;1;7;4
2;5.76;1;0;2;28;3.33
2;5.33;3;0;2;18;3.3063
2;5.25;3;1;1;16;5
2;5.45;1;0;1;2;1.67
2;5.77;3;0;1;10;1.5
2;7;2;0;1;0;3
2;7;3;0;2;37;3.5
2;6;3;1;1;30;4
2;6;3;0;1;28;3.5
2;6;2;0;1;0;4.17
2;6;2;0;2;14;3.33
2;6;3;0;2;20;3
2;6;2;0;2;11;4.83
2;6;3;0;1;12;3.2984
2;6;2;1;2;28;1.5
2;6;3;0;2;26;1
2;6;3;0;2;2;2.8
2;6;1;0;2;37;1
2;5;2;0;1;0;3.75
2;5;3;0;1;28;2.8
2;5;1;1;1;17;2.71
2;5;3;1;2;41;1
2;5;3;0;1;25;1
2;5;3;0;2;0;3.9748
2;5;1;0;2;0;2.25
2;5;2;0;2;0;3.3529
2;5;1;0;1;31;3.67
2;5;3;0;1;0;4
2;5;3;0;1;0;4.25
2;5;2;0;1;30;2.75
2;5;3;0;1;24;3
2;5;2;0;2;14;2.62
2;5;3;3;2;35;4
2;5;2;1;2;32;4
2;5;2;1;1;14;3.5
2;5;1;0;2;32;3.67
2;5;1;0;1;60;2.4843
2;5;3;0;1;18;3
2;5;2;0;1;8;4
2;4;2;0;1;9;3.25
2;4;2;0;2;16;4
2;4;3;0;1;0;2.7728
2;4;2;0;1;31;3
2;4;2;3;1;17;4
2;4;2;0;1;67;2.29
2;4;3;0;2;37;1.4
2;4;2;0;1;28;2.71
2;4;1;4;2;15;1.75
2;4;2;2;2;37;4
2;3;3;1;1;23;1
2;3;3;1;1;16;2.14
2;3;2;1;1;22;3
2;5.52;2;0;2;0;2.33
2;5.66;2;0;2;0;1.5
2;5.99;3;0;2;0;3
2;5.77;2;0;2;0;2
2;5.31;2;0;2;14;1.55
2;5.6;2;0;2;28;3.3462
2;5;1;1;1;4;1
1;6;2;1;1;0;2
1;5;2;1;1;0;3.4834
1;3;3;0;1;0;3.5
1;6;1;1;1;0;3.88
1;3;1;1;1;0;3.83
1;5;3;2;1;0;4.75
1;5;1;0;1;0;3.14
1;4;3;0;1;48;3.2
1;7;1;0;1;36;3.33
1;7;2;0;1;0;3.67
1;7;3;0;1;0;4.8
1;6;2;1;1;0;3.2
1;6;2;1;1;0;3.8
1;6;2;1;1;0;2
1;6;1;0;1;0;1.67
1;6;1;0;1;0;2
1;6;2;0;1;0;3.5424
1;6;2;2;1;0;1
1;6;1;0;1;0;3.43
1;6;1;3;1;0;1
1;6;1;3;1;0;1.33
1;6;2;0;1;0;1.8
1;6;2;1;1;0;4
1;6;2;0;1;12;3.25
1;6;2;1;1;0;3.175
1;5;1;0;1;28;4.4
1;5;1;0;1;0;4.67
1;5;1;5;1;0;1.5
1;5;2;0;1;0;5
1;5;2;0;1;0;4.75
1;5;1;0;1;0;2.75
1;5;2;0;1;0;5
1;5;2;4;1;0;2
1;5;2;0;1;0;2.75
1;5;1;1;1;0;2.86
1;4;1;0;1;0;4.33
1;4;2;2;1;0;1
1;4;3;0;1;0;4.67
1;4;2;2;1;0;2
1;4;1;0;1;0;1
1;4;3;1;1;0;3
1;2;1;7;1;0;4
1;2;1;0;1;0;5
1;4.83;2;4;1;0;1.29
1;7;2;1;1;0;2.75
1;7;3;0;1;0;2.28885
1;6;1;0;1;32;5
1;6;1;1;1;0;2
1;6;2;0;1;0;5
1;6;2;0;1;0;3.75
1;6;3;1;1;0;3.5
1;6;2;1;1;0;3
1;5;1;0;1;0;2.6
1;5;1;0;1;0;4
1;5;1;1;1;0;2.67
1;5;1;0;1;0;4.5
1;5;2;0;1;0;3.2
1;5;2;1;1;0;1.12
1;5;2;0;1;0;1.6
1;5;3;0;1;0;3.8
1;5;2;0;1;0;1.2
1;5;1;2;1;0;2.25
1;5;2;0;1;0;1.67
1;5;1;1;1;0;1.33
1;5;2;0;1;0;3.67
1;5;1;0;1;18;2.12
1;5;3;2;1;32;4.25
1;4;1;2;1;0;3.75
1;4;2;0;1;0;3.29
1;4;2;0;1;0;4
1;4;2;0;1;0;4.2
1;4;2;0;1;50;3.33
1;3;1;3;1;0;4
1;3;1;1;1;35;1.86
1;3;1;1;1;30;5
1;4.9675;1;2;1;0;3.67
1;5.25;2;0;1;0;4.6
2;3;1;2;1;0;2.33
2;2;1;2;1;0;4
2;6;1;1;1;0;3.8
2;6;1;0;1;0;3.62
2;5;1;0;1;0;2.33
2;5;2;0;1;0;2.89
2;5;1;0;1;0;3.2
2;5;3;0;1;0;5
2;5;3;0;1;0;5
2;5;2;0;1;0;5
2;4;1;1;1;0;2.4
2;4;2;1;1;0;2.67
2;4;2;0;1;0;2
2;3;1;1;1;53;1.67
2;5.19;1;1;1;0;4
2;7;2;0;1;0;2.83
2;6;3;0;1;41;2.5
2;6;2;0;1;0;2.83
2;6;2;0;1;0;1
2;5;2;3;1;0;3.14
2;5;1;0;1;0;3
2;4;1;0;1;0;4.14
2;4;2;0;1;0;3.8
2;4;2;1;1;0;2.75
2;3;2;0;1;0;5
2;3;1;4;1;0;3.17
2;3;2;1;1;0;1.2
2;5.61;3;0;1;0;3.8
2;4;2;1;1;0;1.33
1;4;1;0;1;21;5
1;4;2;0;1;98;1
1;6;1;3;1;0;1.5
1;7;1;0;2;22;2.14
1;6;1;0;1;25;1.11
1;6;1;2;1;0;3.83
1;6;3;1;1;45;4.6
1;6;2;1;2;37;3.14
1;5;2;0;1;20;4.5
1;5;1;0;2;0;3.14
1;5;1;0;1;19;3.4
1;5;2;1;1;26;5
1;5;2;1;1;10;2.5
1;5;1;0;2;0;4
1;5;1;0;1;6;4.4
1;5;1;2;1;39;2
1;5;2;0;1;71;3.9769
1;4;1;0;1;28;1.38
1;4;1;2;1;0;1.82
1;4;1;5;1;28;1.88
1;7;3;0;1;41;1.33
1;5;3;1;1;41;4
1;5;3;0;1;13;4
1;4;1;4;1;0;3.14
1;4;3;2;1;19;4
1;4;2;4;1;23;2.8942
2;5;1;0;1;0;2.5
2;1;1;3;1;15;3.67
2;6;2;0;2;24;2.4
2;5;3;0;1;38;4
2;5;3;0;2;13;3.159167
2;5;1;0;1;13;4.17
2;5;2;0;2;0;3
2;4;1;0;1;0;2.4
2;3;1;1;1;0;1.33
2;5.69;1;2;1;0;1.88
2;5.72;2;0;1;0;3.2925
2;4;2;6;1;47;1.14
2;3;1;2;1;0;2
1;7;3;0;1;0;4
1;5;2;1;1;0;4
1;2;1;4;2;0;3
1;7;3;0;1;0;5
1;5;2;0;1;0;5
1;5;2;1;1;0;2
1;4;2;1;1;0;4.5
1;5;3;1;1;0;2
1;5;2;3;1;41;4.5
1;5;3;0;1;0;2
1;5;3;0;1;0;3.5
1;2;1;1;1;0;3
1;5;2;1;1;0;3
1;3.52;3;0;1;0;4
1;4;2;0;1;0;4
1;5;2;0;1;0;2.57
1;7;1;1;1;0;4
1;6;2;0;1;0;3.6
1;6;2;0;1;0;3
1;6;2;0;1;0;4
1;6;2;0;1;0;1.5
1;6;1;0;1;0;2
1;6;3;0;1;0;4
1;6;3;0;1;0;1.5
1;6;2;0;1;0;3.2
1;5;3;0;1;41;2.4
1;5;2;1;1;0;5
1;5;3;0;1;0;4
1;5;2;1;1;0;5
1;5;2;2;1;0;2.75
1;5;2;3;1;0;2.33
1;5;1;0;1;0;2.25
1;5;2;1;1;0;2
1;5;2;0;1;0;4.44
1;5;2;0;1;0;4
1;4;1;3;1;67;3
1;3;1;3;1;0;3.33
1;5.566667;2;1;1;0;3
1;4.55;2;1;1;0;5
1;5.23;1;0;1;0;1.17
1;7;3;1;1;0;1.86
1;6;3;0;1;30;5
1;6;3;0;1;0;4
1;6;3;2;1;0;2
1;6;2;0;1;0;3
1;6;3;0;1;0;2.8
1;5;2;0;1;0;1
1;5;3;0;1;0;1.6
1;5;3;0;1;0;2.67
1;5;1;0;1;0;2.75
1;5;2;0;1;0;2.5
1;5;3;1;1;0;4
1;5;2;0;1;0;3.14
1;5;2;3;1;0;2.25
1;5;2;0;1;0;2
1;5;2;1;1;0;1.25
1;5;3;1;1;0;3.5
1;5;3;0;1;0;3.67
1;5;3;0;1;0;2.33
1;5;2;2;1;0;5
1;5;1;0;1;0;3
1;5;2;1;1;0;2
1;5;2;1;1;0;2.6
1;5;3;0;1;0;4
1;4;2;2;1;0;4
1;4;3;0;1;0;4
1;4;3;0;1;0;4.441033
1;4;2;0;1;0;4
1;4;2;0;1;0;5
1;4;2;2;1;29;3.29
1;4;2;0;1;17;4.5
1;4;1;0;1;13;3.25
1;3;2;1;1;0;3.33
1;3;2;1;1;0;1.75
1;3;2;0;1;0;5
1;3;2;1;1;0;3
1;3;2;0;1;0;2
1;2;2;1;1;36;3.8
1;1;1;3;1;0;2.25
1;4.29;2;0;1;11;4
1;3.17;1;0;1;0;2.12
1;5;2;0;1;41;4
2;5;2;0;1;0;2.6171
2;2;2;2;1;0;4.33
2;5;3;0;1;0;4
2;7;2;2;1;0;5
2;6;2;3;1;0;1.5
2;5;2;0;1;0;3.67
2;4;1;1;1;0;4.33
2;4;1;0;1;0;2.4
2;4;2;1;1;0;4.57
2;3;1;0;1;0;4
2;2;2;3;1;0;4
2;3.21;3;4;1;0;4
2;5;2;0;1;0;3.67
2;5;1;0;1;0;4.25
2;1;2;5;1;22;3.33
2;4.56;2;0;1;9;3.25
2;5.03;2;0;1;0;3.25
1;5;2;2;2;37;3.6
1;6;3;2;2;37;3
1;5.88;1;0;1;0;3.33
1;5.53;3;0;1;0;5
1;5;2;0;2;13;4
1;4;2;2;2;38;2.5
1;7;2;0;2;24;1
1;4;2;3;1;5;2.83
1;7;3;1;2;37;4
1;6;2;0;1;8;2.33
1;3;2;1;1;21;1.4
1;6;3;0;1;0;2.8079
1;7;3;0;2;44;3.67
1;6;3;0;2;32;3.75
1;5;3;2;1;0;2.2
1;7;3;0;2;28;3.67
1;7;3;0;2;41;3
1;7;2;1;2;0;3.5
1;7;3;0;2;37;3.85755
1;7;2;0;2;22;4
1;6;1;0;2;0;3
1;6;3;0;2;0;4
1;6;1;0;2;0;3
1;6;3;0;2;32;2.25
1;6;3;1;2;32;3
1;6;2;2;2;28;2
1;6;2;0;2;26;3.67
1;5;1;4;1;15;3.6
1;5;1;0;1;39;1
1;5;1;5;1;28;1.38
1;5;2;0;2;0;1.88
1;5;3;0;2;0;2.5419
1;5;3;1;2;22;5
1;5;3;0;2;58;3.6
1;5;1;0;2;27;2.5
1;5;2;0;1;12;1.6
1;4;2;0;2;0;3
1;4;2;0;1;0;3.2
1;4;2;0;1;23;4
1;4;2;1;1;39;1
1;3;2;1;1;15;3.71
1;3;1;2;1;19;2.56
1;5.39;3;0;1;0;2.590567
1;5.69;2;0;2;0;3.33
1;5.4;2;0;2;0;4.75
1;7;3;0;2;0;3
1;7;1;0;2;0;2.8
1;6;1;0;1;14;2
1;6;3;0;2;10;4
1;6;3;0;2;66;4.8
1;6;3;1;1;37;3.25
1;6;3;0;2;32;4.5
1;6;2;0;2;32;2.8
1;6;3;1;2;50;4
1;6;3;0;2;37;2.5
1;6;3;0;2;30;2
1;6;3;5;2;37;2
1;5;1;0;2;0;2
1;5;2;0;2;0;2.3421
1;5;2;1;2;9;3.3879
1;5;2;0;1;5;4.6
1;4;3;2;1;65;3.25
1;4;2;0;2;14;1.86
1;4;2;3;1;7;3
1;4;3;0;2;40;1
1;4;2;0;1;16;1.67
1;3;2;1;1;20;4.38
1;3;3;1;2;32;4
1;3;1;4;1;13;1.67
1;2;1;2;1;8;1.67
1;3.99;1;1;1;0;1.17
1;6;1;0;2;0;2
1;5.72;3;0;2;32;2
1;3;1;4;1;20;2.83
2;6;3;0;2;0;2.173167
2;5;1;3;1;28;2.5
2;6;3;1;2;47;1.33
2;4;1;4;1;20;1
2;7;2;0;2;0;3
2;1;1;3;1;0;5
2;2;1;2;1;16;1.8
2;5;1;3;1;0;1
2;5;2;0;1;37;2.33
2;6.01;1;0;2;0;1
2;5;3;0;2;0;3.9734
2;6;3;3;2;0;2.2503
2;7;1;1;2;3;5
2;7;3;0;2;22;5
2;6;1;3;1;48;2.2
2;6;1;2;1;0;2
2;6;1;0;2;13;3.307
2;6;2;1;2;38;2.9949
2;6;3;0;2;37;2.7248
2;5;2;3;1;41;4.33
2;5;2;4;2;7;2
2;5;1;0;2;0;3.2
2;5;1;1;2;0;4
2;5;3;0;2;7;3
2;5;3;0;2;16;2.701033
2;5;3;1;1;19;3.645
2;5;3;0;2;14;4
2;5;2;0;2;37;1
2;4;1;2;1;0;1
2;5.72;2;1;2;21;2.6
2;7;2;1;2;19;2
2;6;2;3;2;0;1
2;6;2;0;2;0;3
2;6;1;2;2;0;1.2
2;6;2;0;2;2;3.75
2;5;2;0;2;0;2.43
2;5;2;0;1;34;4.71
2;5;1;0;2;34;2.5
2;4;2;0;1;22;2
2;5.73;2;0;1;41;2
2;5;3;0;2;32;3.75
2;4;2;2;1;41;3
